now_kernel: poly
now_C: 1e-05
cross_validation_fold: 5
training time mean: 0.688059348326s
x: [72, 80, 92, 100, 108, 116, 128, 136, 144, 156, 164, 172, 184]
y_for_max: [0.8333333333333334, 0.9375, 0.9, 0.85, 0.9, 0.875, 0.875, 0.8928571428571429, 0.8928571428571429, 0.875, 0.90625, 0.8611111111111112, 0.8055555555555556]
y_for_min: [0.625, 0.6875, 0.75, 0.75, 0.7, 0.7916666666666666, 0.75, 0.625, 0.6785714285714286, 0.7142857142857143, 0.75, 0.71875, 0.75]
y_for_mean: [0.7708333333333334, 0.8, 0.8400000000000001, 0.8099999999999999, 0.7966666666666666, 0.8183333333333334, 0.8130952380952381, 0.7892857142857143, 0.7982142857142858, 0.7928571428571429, 0.798611111111111, 0.8, 0.7711111111111111]
