now_kernel: rbf
now_C: 1.0
cross_validation_fold: 5
training time mean: 0.759346540158s
x: [72, 80, 92, 100, 108, 116, 128, 136, 144, 156, 164, 172, 184]
y_for_max: [0.9375, 1.0, 0.95, 1.0, 1.0, 1.0, 1.0, 1.0, 1.0, 1.0, 1.0, 0.9722222222222222, 0.9722222222222222]
y_for_min: [0.6875, 0.6875, 0.85, 0.75, 0.85, 0.9, 0.9166666666666666, 0.9285714285714286, 0.9285714285714286, 0.875, 0.8125, 0.84375, 0.8888888888888888]
y_for_mean: [0.8416666666666666, 0.85, 0.8925000000000001, 0.89, 0.9433333333333331, 0.9466666666666667, 0.9523809523809523, 0.9642857142857142, 0.9589285714285716, 0.9348214285714287, 0.9326388888888889, 0.9215277777777778, 0.9344444444444443]
