now_kernel: rbf
now_C: 1000.0
cross_validation_fold: 5
training time mean: 0.75292965082s
x: [72, 80, 92, 100, 108, 116, 128, 136, 144, 156, 164, 172, 184]
y_for_max: [1.0, 1.0, 1.0, 1.0, 1.0, 1.0, 1.0, 1.0, 1.0, 1.0, 1.0, 0.9722222222222222, 0.9722222222222222]
y_for_min: [0.6875, 0.6875, 0.85, 0.8, 0.85, 0.9, 0.9166666666666666, 0.9285714285714286, 0.9285714285714286, 0.90625, 0.875, 0.875, 0.9166666666666666]
y_for_mean: [0.8416666666666666, 0.8625, 0.9125, 0.9, 0.9433333333333331, 0.9383333333333332, 0.9523809523809523, 0.9714285714285715, 0.9589285714285716, 0.9482142857142858, 0.951388888888889, 0.9340277777777779, 0.9455555555555554]
