now_kernel: rbf
now_C: 0.001
cross_validation_fold: 5
training time mean: 0.757429526402s
x: [72, 80, 92, 100, 108, 116, 128, 136, 144, 156, 164, 172, 184]
y_for_max: [0.9166666666666666, 0.9375, 0.85, 0.85, 0.95, 0.9583333333333334, 0.9166666666666666, 0.8571428571428571, 0.9375, 0.90625, 0.875, 0.8611111111111112, 0.8611111111111112]
y_for_min: [0.6875, 0.6875, 0.6875, 0.7, 0.7, 0.65, 0.75, 0.7142857142857143, 0.7142857142857143, 0.53125, 0.6875, 0.71875, 0.6388888888888888]
y_for_mean: [0.8, 0.8125, 0.77, 0.75, 0.8416666666666666, 0.8633333333333333, 0.8154761904761905, 0.7714285714285715, 0.8089285714285716, 0.7892857142857143, 0.7798611111111111, 0.8013888888888889, 0.7388888888888888]
