x: [0, 1, 2, 3, 4, 5, 6, 7, 8]
y_for_success: [0.06768207737835462, 0.001185490015681307, 0.00017854755262494335, 5.944580362277053e-05, 2.7707993613711156e-05, 1.7325684205317712e-05, 0.00010484960962441803, 0.008025848781698298, 0.0010773520989373808]
y_for_failure: [0.9323179226216455, 0.9988145099843185, 0.9998214524473751, 0.9999405541963773, 0.9999722920063864, 0.9999826743157947, 0.9998951503903756, 0.9919741512183017, 0.9989226479010626]
