x: [0, 1, 2, 3, 4, 5, 6, 7, 8, 9]
y_for_success: [0.08361969463876172, 0.0021394770758182656, 0.00038184269130079224, 0.00013783811594206944, 6.728545359891309e-05, 4.403910873643477e-05, 0.0007051480723956491, 0.007746950170561187, 0.03273293817930431, 0.032990470955615726]
y_for_failure: [0.9163803053612384, 0.9978605229241817, 0.9996181573086992, 0.999862161884058, 0.9999327145464012, 0.9999559608912636, 0.9992948519276045, 0.9922530498294388, 0.9672670618206958, 0.9670095290443842]
