x: [0, 1, 2, 3, 4, 5, 6]
y_for_success: [6.205177083861532e-06, 3.414073405742866e-06, 2.902979778448828e-06, 2.6311625923597846e-06, 2.47156727272877e-06, 2.4636795987013934e-06, 7.856773473391093e-06]
y_for_failure: [0.9999937948229162, 0.9999965859265944, 0.9999970970202215, 0.9999973688374076, 0.9999975284327272, 0.9999975363204013, 0.9999921432265265]
