x: [0, 1, 2, 3, 4, 5, 6, 7, 8]
y_for_success: [0.06313670248876832, 0.0012155865277352952, 0.00019540299681844887, 6.80405357412226e-05, 3.277369421993241e-05, 2.0705210915186004e-05, 1.3613152263897213e-05, 0.0005469062816223884, 0.00613798874255797]
y_for_failure: [0.9368632975112319, 0.9987844134722648, 0.9998045970031815, 0.9999319594642588, 0.99996722630578, 0.9999792947890849, 0.9999863868477361, 0.9994530937183775, 0.993862011257442]
