x: [0, 1, 2, 3, 4, 5, 6, 7, 8]
y_for_success: [2.747106068571895e-06, 2.747106068571895e-06, 2.747106068571895e-06, 2.747106068571895e-06, 2.747106068571895e-06, 2.747106068571895e-06, 1.3623534133886822e-05, 0.0002502611436684007, 0.0018146689686858635]
y_for_failure: [0.9999972528939314, 0.9999972528939314, 0.9999972528939314, 0.9999972528939314, 0.9999972528939314, 0.9999972528939314, 0.9999863764658662, 0.9997497388563316, 0.9981853310313142]
