x: [0, 1, 2, 3, 4, 5, 6, 7]
y_for_success: [3.4776034554623384e-06, 3.4776034554623384e-06, 3.4776034554623384e-06, 3.4776034554623384e-06, 3.4776034554623384e-06, 3.4776034554623384e-06, 0.00011462253603566795, 0.0006973818306832144]
y_for_failure: [0.9999965223965445, 0.9999965223965445, 0.9999965223965445, 0.9999965223965445, 0.9999965223965445, 0.9999965223965445, 0.9998853774639642, 0.9993026181693166]
