x: [0, 1, 2, 3, 4, 5, 6]
y_for_success: [4.544020063073697e-06, 4.544020063073697e-06, 4.544020063073697e-06, 4.544020063073697e-06, 4.544020063073697e-06, 4.544020063073697e-06, 4.328102132765789e-06]
y_for_failure: [0.9999954559799369, 0.9999954559799369, 0.9999954559799369, 0.9999954559799369, 0.9999954559799369, 0.9999954559799369, 0.9999956718978673]
