x: [0, 1, 2, 3, 4, 5, 6, 7, 8]
y_for_success: [3.4776034554623384e-06, 3.4776034554623384e-06, 3.4776034554623384e-06, 3.4776034554623384e-06, 3.4776034554623384e-06, 3.4776034554623384e-06, 3.4776034554623384e-06, 3.895731210221552e-05, 0.0019811169572933195]
y_for_failure: [0.9999965223965445, 0.9999965223965445, 0.9999965223965445, 0.9999965223965445, 0.9999965223965445, 0.9999965223965445, 0.9999965223965445, 0.9999610426878978, 0.9980188830427067]
