x: [0, 1, 2, 3, 4, 5, 6, 7, 8]
y_for_success: [3.4776034554623384e-06, 3.4776034554623384e-06, 3.4776034554623384e-06, 3.4776034554623384e-06, 3.4776034554623384e-06, 3.4776034554623384e-06, 3.5628126204439495e-06, 0.0013658986945312302, 0.00472640968576979]
y_for_failure: [0.9999965223965445, 0.9999965223965445, 0.9999965223965445, 0.9999965223965445, 0.9999965223965445, 0.9999965223965445, 0.9999964371873795, 0.9986341013054687, 0.9952735903142302]
