x: [0, 1, 2, 3, 4, 5, 6]
y_for_success: [4.544020063073697e-06, 4.544020063073697e-06, 4.544020063073697e-06, 4.544020063073697e-06, 4.544020063073697e-06, 4.544020063073697e-06, 5.041165196856548e-06]
y_for_failure: [0.9999954559799369, 0.9999954559799369, 0.9999954559799369, 0.9999954559799369, 0.9999954559799369, 0.9999954559799369, 0.9999949588348032]
