x: [0, 1, 2, 3, 4, 5, 6]
y_for_success: [4.544020063073697e-06, 4.544020063073697e-06, 4.544020063073697e-06, 4.544020063073697e-06, 4.544020063073697e-06, 4.544020063073697e-06, 3.6637488635671157e-06]
y_for_failure: [0.9999954559799369, 0.9999954559799369, 0.9999954559799369, 0.9999954559799369, 0.9999954559799369, 0.9999954559799369, 0.9999963362511366]
