x: [0, 1, 2, 3, 4, 5, 6, 7, 8]
y_for_success: [0.06768207737835462, 0.001185490015681307, 0.00017854755262494335, 5.944580362277053e-05, 2.7707993613711156e-05, 1.7325684205317712e-05, 0.0005195263370711338, 0.006467117021669945, 0.000949946523963632]
y_for_failure: [0.9323179226216455, 0.9988145099843185, 0.9998214524473751, 0.9999405541963773, 0.9999722920063864, 0.9999826743157947, 0.9994804736629289, 0.9935328829783302, 0.9990500534760363]
