x: [0, 1, 2, 3, 4, 5, 6, 7, 8]
y_for_success: [2.747106068571895e-06, 2.747106068571895e-06, 2.747106068571895e-06, 2.747106068571895e-06, 2.747106068571895e-06, 2.747106068571895e-06, 2.343207428518389e-05, 0.0021774218563587067, 0.0013100117370921502]
y_for_failure: [0.9999972528939314, 0.9999972528939314, 0.9999972528939314, 0.9999972528939314, 0.9999972528939314, 0.9999972528939314, 0.9999765679257149, 0.9978225781436413, 0.9986899882629078]
