x: [0, 1, 2, 3, 4, 5, 6, 7, 8]
y_for_success: [2.747106068571895e-06, 2.747106068571895e-06, 2.747106068571895e-06, 2.747106068571895e-06, 2.747106068571895e-06, 2.747106068571895e-06, 7.285698066274269e-06, 0.0003269154120695121, 0.00026837072680474647]
y_for_failure: [0.9999972528939314, 0.9999972528939314, 0.9999972528939314, 0.9999972528939314, 0.9999972528939314, 0.9999972528939314, 0.9999927143019338, 0.9996730845879305, 0.9997316292731951]
