x: [0, 1, 2, 3, 4, 5, 6, 7, 8, 9]
y_for_success: [0.06997299974882952, 0.0013465330303073508, 0.00021480825593969837, 7.279712056344822e-05, 3.381351748364767e-05, 2.1390136687847896e-05, 0.00019546567567193542, 0.002153663318473268, 0.016722706606955132, 0.020029693178720036]
y_for_failure: [0.9300270002511704, 0.9986534669696927, 0.9997851917440602, 0.9999272028794365, 0.9999661864825163, 0.9999786098633121, 0.999804534324328, 0.9978463366815266, 0.9832772933930449, 0.97997030682128]
