x: [0, 1, 2, 3, 4, 5, 6, 7]
y_for_success: [2.747106068571895e-06, 2.747106068571895e-06, 2.747106068571895e-06, 2.747106068571895e-06, 2.747106068571895e-06, 2.747106068571895e-06, 2.0707921791377603e-05, 1.4150502958281157e-05]
y_for_failure: [0.9999972528939314, 0.9999972528939314, 0.9999972528939314, 0.9999972528939314, 0.9999972528939314, 0.9999972528939314, 0.9999792920782085, 0.9999858494970418]
