x: [0, 1, 2, 3, 4, 5, 6]
y_for_success: [3.316490978536115e-06, 2.9113629466110286e-06, 2.7863137700004405e-06, 2.7456901682804905e-06, 2.705586787213711e-06, 7.12054869216668e-06, 6.097453239410194e-06]
y_for_failure: [0.9999966835090216, 0.9999970886370533, 0.9999972136862301, 0.9999972543098317, 0.9999972944132128, 0.9999928794513078, 0.9999939025467606]
