x: [0, 1, 2, 3, 4, 5, 6]
y_for_success: [6.7867071218688284e-06, 6.7867071218688284e-06, 6.7867071218688284e-06, 6.7867071218688284e-06, 6.7867071218688284e-06, 6.7867071218688284e-06, 1.845716343548127e-05]
y_for_failure: [0.999993213292878, 0.999993213292878, 0.999993213292878, 0.999993213292878, 0.999993213292878, 0.999993213292878, 0.9999815428365645]
