x: [0, 1, 2, 3, 4, 5, 6, 7, 8]
y_for_success: [3.4776034554623384e-06, 3.4776034554623384e-06, 3.4776034554623384e-06, 3.4776034554623384e-06, 3.4776034554623384e-06, 3.4776034554623384e-06, 3.4776034554623384e-06, 0.00020205933545110413, 0.004728155416385834]
y_for_failure: [0.9999965223965445, 0.9999965223965445, 0.9999965223965445, 0.9999965223965445, 0.9999965223965445, 0.9999965223965445, 0.9999965223965445, 0.999797940664549, 0.9952718445836141]
