x: [0, 1, 2, 3, 4, 5, 6, 7, 8, 9, 10, 11]
y_for_success: [2.747106068571895e-06, 2.747106068571895e-06, 2.747106068571895e-06, 2.747106068571895e-06, 2.747106068571895e-06, 2.747106068571895e-06, 2.747106068571895e-06, 2.747106068571895e-06, 3.5558582442462344e-05, 0.00012542493785011838, 0.00010274889626833192, 0.00016999261253646938]
y_for_failure: [0.9999972528939314, 0.9999972528939314, 0.9999972528939314, 0.9999972528939314, 0.9999972528939314, 0.9999972528939314, 0.9999972528939314, 0.9999972528939314, 0.9999644414175576, 0.9998745750621498, 0.9998972511037317, 0.9998300073874634]
