x: [0, 1, 2, 3, 4, 5, 6]
y_for_success: [2.747106068571895e-06, 2.747106068571895e-06, 2.747106068571895e-06, 2.747106068571895e-06, 2.747106068571895e-06, 2.747106068571895e-06, 2.3837099581935697e-05]
y_for_failure: [0.9999972528939314, 0.9999972528939314, 0.9999972528939314, 0.9999972528939314, 0.9999972528939314, 0.9999972528939314, 0.999976162900418]
