x: [0, 1, 2, 3, 4, 5, 6, 7, 8]
y_for_success: [3.4776034554623384e-06, 3.4776034554623384e-06, 3.4776034554623384e-06, 3.4776034554623384e-06, 3.4776034554623384e-06, 3.4776034554623384e-06, 3.4776034554623384e-06, 0.00014029443560993135, 0.0021528081302214274]
y_for_failure: [0.9999965223965445, 0.9999965223965445, 0.9999965223965445, 0.9999965223965445, 0.9999965223965445, 0.9999965223965445, 0.9999965223965445, 0.9998597055643901, 0.9978471918697785]
