x: [0, 1, 2, 3, 4, 5, 6, 7]
y_for_success: [0.06997299974882952, 0.0013465330303073508, 0.00021480825593969837, 7.279712056344822e-05, 3.381351748364767e-05, 2.1390136687847896e-05, 0.0013718995805686, 0.005273830292675221]
y_for_failure: [0.9300270002511704, 0.9986534669696927, 0.9997851917440602, 0.9999272028794365, 0.9999661864825163, 0.9999786098633121, 0.9986281004194315, 0.9947261697073247]
