x: [0, 1, 2, 3, 4, 5, 6, 7, 8, 9]
y_for_success: [0.0016919174592947297, 7.467251560236457e-05, 2.1350377414832172e-05, 1.0414131734638454e-05, 7.04341323535244e-06, 5.540393010859914e-06, 9.49062548316648e-06, 0.0002599338060572859, 0.0023515863294390035, 0.002665090554044925]
y_for_failure: [0.9983080825407051, 0.9999253274843978, 0.9999786496225852, 0.9999895858682655, 0.9999929565867648, 0.9999944596069892, 0.9999905093745167, 0.9997400661939427, 0.9976484136705609, 0.997334909445955]
