x: [0, 1, 2, 3, 4, 5, 6, 7, 8]
y_for_success: [2.747106068571895e-06, 2.747106068571895e-06, 2.747106068571895e-06, 2.747106068571895e-06, 2.747106068571895e-06, 2.747106068571895e-06, 3.0359750455351326e-05, 0.006248725120042637, 0.001701079818493553]
y_for_failure: [0.9999972528939314, 0.9999972528939314, 0.9999972528939314, 0.9999972528939314, 0.9999972528939314, 0.9999972528939314, 0.9999696402495447, 0.9937512748799573, 0.9982989201815065]
