x: [0, 1, 2, 3, 4, 5, 6, 7]
y_for_success: [0.015287740728897518, 0.0005988877705568416, 0.00013462135770372246, 5.593204436171495e-05, 3.297577906034943e-05, 2.1893810668114304e-05, 8.454608938083802e-05, 0.00029913781831300795]
y_for_failure: [0.9847122592711025, 0.9994011122294432, 0.9998653786422964, 0.9999440679556382, 0.9999670242209396, 0.9999781061893318, 0.9999154539106192, 0.999700862181687]
