x: [0, 1, 2, 3, 4, 5, 6, 7, 8]
y_for_success: [2.747106068571895e-06, 2.747106068571895e-06, 2.747106068571895e-06, 2.747106068571895e-06, 2.747106068571895e-06, 2.747106068571895e-06, 5.814272075057246e-05, 0.0008226496838515843, 0.0004594241090284079]
y_for_failure: [0.9999972528939314, 0.9999972528939314, 0.9999972528939314, 0.9999972528939314, 0.9999972528939314, 0.9999972528939314, 0.9999418572792494, 0.9991773503161484, 0.9995405758909717]
