x: [0, 1, 2, 3, 4, 5, 6, 7]
y_for_success: [2.747106068571895e-06, 2.747106068571895e-06, 2.747106068571895e-06, 2.747106068571895e-06, 2.747106068571895e-06, 2.747106068571895e-06, 0.000260962846053231, 0.0007016343275710021]
y_for_failure: [0.9999972528939314, 0.9999972528939314, 0.9999972528939314, 0.9999972528939314, 0.9999972528939314, 0.9999972528939314, 0.9997390371539467, 0.9992983656724291]
