x: [0, 1, 2, 3, 4, 5, 6, 7, 8]
y_for_success: [5.772257516755091e-06, 5.772257516755091e-06, 5.772257516755091e-06, 5.772257516755091e-06, 5.772257516755091e-06, 5.772257516755091e-06, 9.418399626285616e-06, 0.00018623025744395026, 0.001385935346193551]
y_for_failure: [0.9999942277424834, 0.9999942277424834, 0.9999942277424834, 0.9999942277424834, 0.9999942277424834, 0.9999942277424834, 0.9999905816003737, 0.999813769742556, 0.9986140646538065]
