x: [0, 1, 2, 3, 4, 5, 6, 7, 8]
y_for_success: [0.0698363099070472, 0.0012376968144646452, 0.0001910871898983695, 6.344952128094012e-05, 2.897005940753092e-05, 1.8152958329428524e-05, 7.229445236365283e-05, 0.0074283668124008675, 0.010158908329094473]
y_for_failure: [0.9301636900929531, 0.9987623031855354, 0.9998089128101018, 0.999936550478719, 0.9999710299405924, 0.9999818470416707, 0.9999277055476363, 0.9925716331875991, 0.9898410916709056]
