x: [0, 1, 2, 3, 4, 5, 6, 7, 8]
y_for_success: [4.564280669390541e-06, 3.610650254500659e-06, 3.3427210655558292e-06, 3.206170726133312e-06, 3.1904327484650094e-06, 3.1932028299926622e-06, 9.323982564250058e-06, 0.00237342284127024, 0.008520101644907744]
y_for_failure: [0.9999954357193305, 0.9999963893497456, 0.9999966572789344, 0.9999967938292739, 0.9999968095672517, 0.99999680679717, 0.9999906760174359, 0.9976265771587298, 0.9914798983550922]
