x: [0, 1, 2, 3, 4, 5, 6, 7, 8, 9, 10, 11, 12, 13, 14, 15, 16, 17, 18, 19]
y_for_success: [0.41565368023414573, 0.3439926299773905, 0.5539643239480746, 0.4593501835012876, 0.4449021682034918, 0.46134762220837666, 0.3368327499612803, 0.40230376545772284, 0.3573520474503553, 0.4441980369804477, 0.43182322964139835, 0.49328182074267946, 0.5703943804076561, 0.5716285298863512, 0.5440215288388845, 0.5292669587127768, 0.43109425922088396, 0.37429416499345314, 0.25590696596456014, 0.2211754652588574]
y_for_failure: [0.5843463197658544, 0.6560073700226094, 0.44603567605192534, 0.5406498164987124, 0.5550978317965083, 0.5386523777916236, 0.6631672500387197, 0.5976962345422772, 0.6426479525496447, 0.5558019630195523, 0.5681767703586016, 0.5067181792573204, 0.42960561959234395, 0.42837147011364896, 0.45597847116111545, 0.4707330412872231, 0.5689057407791162, 0.625705835006547, 0.7440930340354399, 0.7788245347411427]
