x: [0, 1, 2, 3, 4, 5, 6, 7, 8, 9, 10, 11, 12, 13, 14, 15, 16, 17, 18, 19]
y_for_success: [0.42602906020568065, 0.3997231056509847, 0.4887755698079993, 0.4169575935214861, 0.4312857792249204, 0.4122676842669548, 0.35260618484881967, 0.32953564619193715, 0.44167864443750443, 0.4744246588422953, 0.4013642794441139, 0.4929449122175553, 0.5129795244562559, 0.4944646460649914, 0.44125078357133035, 0.4236981283897182, 0.3394086235277494, 0.3120316336608322, 0.23062504525326344, 1.0000000994736041e-07]
y_for_failure: [0.5739709397943195, 0.6002768943490152, 0.5112244301920006, 0.583042406478514, 0.5687142207750797, 0.5877323157330452, 0.6473938151511803, 0.6704643538080628, 0.5583213555624956, 0.5255753411577045, 0.598635720555886, 0.5070550877824446, 0.4870204755437441, 0.5055353539350085, 0.5587492164286696, 0.5763018716102817, 0.6605913764722505, 0.6879683663391678, 0.7693749547467366, 0.9999998999999902]
