x: [0, 1, 2, 3, 4, 5, 6, 7, 8, 9, 10, 11, 12, 13, 14, 15, 16, 17, 18, 19]
y_for_success: [0.4245247642593472, 0.4021968098762777, 0.43430819676539795, 0.3885310284408969, 0.44699467849188834, 0.43974024538562095, 0.4022043580612929, 0.27223705466246145, 0.27138910752228723, 0.43719958618469623, 0.579101998007461, 0.4895239441491788, 0.3915916591796579, 0.41608107307810743, 0.4510150052231208, 0.4802464694030422, 0.390067976250771, 0.3030168171276284, 0.12312821723400157, 1.0000000994736041e-07]
y_for_failure: [0.5754752357406527, 0.5978031901237222, 0.5656918032346022, 0.6114689715591033, 0.5530053215081117, 0.5602597546143792, 0.5977956419387072, 0.7277629453375385, 0.7286108924777125, 0.562800413815304, 0.42089800199253924, 0.5104760558508212, 0.6084083408203421, 0.5839189269218926, 0.5489849947768792, 0.5197535305969576, 0.6099320237492291, 0.6969831828723717, 0.8768717827659985, 0.9999998999999902]
