x: [0, 1, 2, 3, 4, 5, 6, 7, 8, 9, 10, 11, 12, 13, 14, 15, 16, 17, 18, 19]
y_for_success: [0.4380742755000682, 0.4097180269882518, 0.5809804835358984, 0.43883644498395186, 0.421532549808071, 0.4173116369671291, 0.3730699049983217, 0.31873424019395763, 0.3231951307624277, 0.4424944845240749, 0.5382350364869012, 0.5800123221691551, 0.558494614577046, 0.526643158534295, 0.4734750471756053, 0.41677294466464015, 0.31325973994807527, 0.2331101912067446, 0.09950376194005184, 0.04800871427808511]
y_for_failure: [0.5619257244999317, 0.5902819730117481, 0.4190195164641017, 0.5611635550160481, 0.578467450191929, 0.5826883630328709, 0.6269300950016784, 0.6812657598060424, 0.6768048692375723, 0.557505515475925, 0.4617649635130989, 0.41998767783084506, 0.44150538542295387, 0.473356841465705, 0.5265249528243946, 0.5832270553353599, 0.6867402600519247, 0.7668898087932554, 0.9004962380599483, 0.9519912857219149]
