x: [0, 1, 2, 3, 4, 5, 6, 7, 8, 9, 10, 11, 12, 13, 14, 15, 16, 17, 18, 19]
y_for_success: [0.38045154775990525, 0.4620104355374082, 0.4504994670924791, 0.37745088103344265, 0.40302896182316195, 0.3946151482885271, 0.32885361365981464, 0.21804411333549079, 0.44654038204971075, 0.5861063367648366, 0.5237951838547346, 0.472426826078958, 0.40062063693277283, 0.410092120888119, 0.3879177458908846, 0.36433656370514256, 0.3128890600137144, 0.23921220409751598, 0.09389591692239764, 0.11162436985625206]
y_for_failure: [0.6195484522400947, 0.5379895644625917, 0.5495005329075208, 0.6225491189665574, 0.596971038176838, 0.6053848517114728, 0.6711463863401854, 0.7819558866645093, 0.5534596179502893, 0.4138936632351635, 0.47620481614526555, 0.527573173921042, 0.5993793630672274, 0.589907879111881, 0.6120822541091154, 0.6356634362948573, 0.6871109399862856, 0.7607877959024839, 0.9061040830776022, 0.8883756301437479]
