x: [0, 1, 2, 3, 4, 5, 6, 7, 8, 9, 10, 11, 12, 13, 14, 15, 16, 17, 18, 19]
y_for_success: [0.3698271101464402, 0.43628038076651793, 0.5620457950606719, 0.4910904203458177, 0.3618826289515205, 0.4294917987003934, 0.3393819845835198, 0.3854021607841043, 0.3555982907101461, 0.3695854367183832, 0.44044325831316455, 0.5074748703421127, 0.5425538900847324, 0.5473167624091504, 0.4563618552112718, 0.35176012061440126, 0.3118623902203157, 0.18953361929208895, 0.10792340402326978, 1.0000000994736041e-07]
y_for_failure: [0.6301728898535599, 0.5637196192334821, 0.4379542049393282, 0.5089095796541823, 0.6381173710484794, 0.5705082012996064, 0.6606180154164802, 0.6145978392158958, 0.6444017092898537, 0.6304145632816167, 0.5595567416868354, 0.4925251296578873, 0.4574461099152676, 0.4526832375908494, 0.5436381447887283, 0.6482398793855988, 0.6881376097796845, 0.8104663807079111, 0.8920765959767302, 0.9999998999999902]
