x: [0, 1, 2, 3, 4, 5, 6, 7, 8, 9, 10, 11, 12, 13, 14, 15, 16, 17, 18, 19]
y_for_success: [0.39638564711497726, 0.37209564371471565, 0.41097986586487806, 0.3957440612800623, 0.38795212439647037, 0.4340746900676367, 0.3868953367921657, 0.2496394960594915, 0.24674086721836327, 0.5, 0.6539708711146005, 0.6359441797318971, 0.5, 0.5093658366415779, 0.4873805276281231, 0.49324927230894594, 0.3878151358112498, 0.24266533746159463, 0.0692179495422327, 1.0000000994736041e-07]
y_for_failure: [0.6036143528850227, 0.6279043562852842, 0.589020134135122, 0.6042559387199378, 0.6120478756035297, 0.5659253099323632, 0.6131046632078344, 0.7503605039405087, 0.7532591327816369, 0.5, 0.3460291288853996, 0.3640558202681029, 0.5, 0.4906341633584221, 0.5126194723718768, 0.5067507276910542, 0.6121848641887501, 0.7573346625384053, 0.9307820504577674, 0.9999998999999902]
