x: [0, 1, 2, 3, 4, 5, 6, 7, 8, 9, 10, 11, 12, 13, 14, 15, 16, 17, 18, 19, 20]
y_for_success: [0.6383335178105498, 0.40256551211381625, 0.41801024669824466, 0.4056519058767937, 0.4210409912966948, 0.38973123163269013, 0.3495409738719841, 0.3034222689343746, 0.35195641527527416, 0.46822837846474197, 0.4727729575039557, 0.4598103599888196, 0.4389060339464001, 0.4307147400288741, 0.4256231547410098, 0.4187296634951317, 0.389437643596406, 0.3720447675618835, 0.34569736533622936, 1.0000000994736041e-07, 1.0000000994736041e-07]
y_for_failure: [0.36166648218945036, 0.5974344878861837, 0.5819897533017552, 0.5943480941232063, 0.5789590087033052, 0.6102687683673099, 0.650459026128016, 0.6965777310656255, 0.6480435847247259, 0.5317716215352579, 0.5272270424960441, 0.5401896400111803, 0.5610939660535998, 0.5692852599711259, 0.5743768452589901, 0.5812703365048684, 0.610562356403594, 0.6279552324381166, 0.6543026346637706, 0.9999998999999902, 0.9999998999999902]
