x: [0, 1, 2, 3, 4, 5, 6, 7, 8, 9, 10, 11, 12, 13, 14, 15, 16, 17, 18, 19, 20]
y_for_success: [0.4398855299120276, 0.48910872399536576, 0.5609772570952054, 0.4774128561174456, 0.3734881915550952, 0.40203687984757797, 0.38863279381795085, 0.33279685915619117, 0.3657486718900174, 0.37610787733210826, 0.3938045758492598, 0.39773934033112607, 0.5, 0.48897730118343713, 0.4000339921449181, 0.35334073794622467, 0.24376497588022014, 0.1899141869836415, 0.10904905502945232, 0.06937000867165329, 0.07153429948237815]
y_for_failure: [0.5601144700879724, 0.5108912760046342, 0.4390227429047946, 0.5225871438825546, 0.6265118084449048, 0.5979631201524221, 0.6113672061820491, 0.6672031408438088, 0.6342513281099825, 0.6238921226678918, 0.6061954241507402, 0.6022606596688738, 0.5, 0.511022698816563, 0.599966007855082, 0.6466592620537753, 0.7562350241197798, 0.8100858130163585, 0.8909509449705474, 0.9306299913283468, 0.9284657005176218]
