x: [0, 1, 2, 3, 4, 5, 6, 7, 8, 9, 10, 11, 12, 13, 14, 15, 16, 17, 18, 19]
y_for_success: [0.33227348283980696, 0.418902355029122, 0.5718943176989445, 0.43475103226682454, 0.45142756404719464, 0.4724710237939562, 0.3481894774350757, 0.3451624663089587, 0.39182248508041506, 0.5303986770938185, 0.5129949141389578, 0.5982449827095541, 0.6443710485668542, 0.5516930727333583, 0.5, 0.4077147289280221, 0.3276887538050334, 0.19925341030508634, 0.11489803051260193, 0.08931847393749708]
y_for_failure: [0.667726517160193, 0.581097644970878, 0.42810568230105533, 0.5652489677331755, 0.5485724359528052, 0.5275289762060438, 0.6518105225649242, 0.6548375336910414, 0.608177514919585, 0.46960132290618145, 0.4870050858610422, 0.40175501729044577, 0.3556289514331459, 0.4483069272666416, 0.5, 0.5922852710719779, 0.6723112461949666, 0.8007465896949135, 0.885101969487398, 0.910681526062503]
