x: [0, 1, 2, 3, 4, 5, 6, 7, 8, 9, 10, 11, 12, 13, 14, 15, 16, 17, 18, 19, 20, 21, 22, 23, 24, 25, 26, 27, 28, 29, 30, 31, 32, 33]
y_for_success: [0.5218117304630967, 0.5109784759884917, 0.37212217963861194, 0.38974395730107925, 0.5314610449630671, 0.4224230548083466, 0.40113672770239134, 0.3284769465350758, 0.2745881182520414, 0.41421167107580764, 0.4682686923744337, 0.4546249736370999, 0.43454539563783723, 0.4230494134236992, 0.39236719196765096, 0.41867618216814967, 0.39038780028117925, 0.38574940548470366, 0.37077646585873814, 0.3537599528232306, 0.382399083774896, 0.40787559252291544, 0.3927236678080369, 0.39990230633739043, 0.3845616354047913, 0.38815835476464366, 0.3891663136942986, 0.39260839542469717, 0.40494332104550984, 0.38858125424010653, 0.3367065730317772, 0.30113308564215635, 0.17999499883451275, 1.0000000994736041e-07]
y_for_failure: [0.47818826953690335, 0.48902152401150845, 0.6278778203613882, 0.6102560426989209, 0.46853895503693305, 0.5775769451916534, 0.5988632722976085, 0.6715230534649244, 0.7254118817479585, 0.5857883289241922, 0.5317313076255663, 0.5453750263629001, 0.5654546043621629, 0.5769505865763008, 0.607632808032349, 0.5813238178318503, 0.6096121997188207, 0.6142505945152963, 0.6292235341412618, 0.6462400471767693, 0.6176009162251039, 0.5921244074770846, 0.607276332191963, 0.6000976936626096, 0.6154383645952088, 0.6118416452353562, 0.6108336863057013, 0.6073916045753028, 0.5950566789544902, 0.6114187457598934, 0.6632934269682227, 0.6988669143578434, 0.8200050011654871, 0.9999998999999902]
