x: [0, 1, 2, 3, 4, 5, 6, 7, 8, 9, 10, 11, 12, 13, 14, 15, 16, 17, 18, 19, 20, 21, 22, 23, 24, 25, 26, 27, 28, 29, 30, 31, 32, 33, 34, 35, 36]
y_for_success: [0.5, 0.5574342751154775, 0.44968576776550434, 0.3926781306832139, 0.4511189520258679, 0.40430751031799295, 0.32195559879968233, 0.31409931436040545, 0.3389830593644104, 0.40243458856721276, 0.4490539214441419, 0.4481202899378343, 0.43464403252903516, 0.40967975570306164, 0.4169484440995846, 0.4029881445807135, 0.4139801089170772, 0.39948910548100175, 0.3848323328968376, 0.3757618709304438, 0.3886251321850481, 0.40205889445273074, 0.4057245258026107, 0.39227954397008935, 0.3881218643060199, 0.3875787447684946, 0.38696596059796906, 0.3806291739303957, 0.38404652318913174, 0.3807464020800221, 0.39497706175611064, 0.4067803361700176, 0.4203567210290554, 0.4534833662434542, 0.4499124303093235, 0.46449084902169774, 0.4641289715599523]
y_for_failure: [0.5, 0.4425657248845224, 0.5503142322344956, 0.6073218693167861, 0.5488810479741321, 0.5956924896820072, 0.6780444012003177, 0.6859006856395947, 0.6610169406355895, 0.5975654114327873, 0.550946078555858, 0.5518797100621657, 0.565355967470965, 0.5903202442969384, 0.5830515559004154, 0.5970118554192864, 0.5860198910829227, 0.6005108945189982, 0.6151676671031622, 0.6242381290695562, 0.6113748678149518, 0.5979411055472693, 0.5942754741973892, 0.6077204560299106, 0.6118781356939802, 0.6124212552315055, 0.6130340394020309, 0.6193708260696044, 0.6159534768108682, 0.619253597919978, 0.6050229382438894, 0.5932196638299824, 0.5796432789709445, 0.5465166337565458, 0.5500875696906766, 0.5355091509783023, 0.5358710284400477]
