x: [0, 1, 2, 3, 4, 5, 6, 7, 8, 9, 10, 11, 12, 13, 14, 15, 16, 17, 18, 19, 20, 21]
y_for_success: [0.40365874567731924, 0.4325041329779823, 0.3705946152998539, 0.34978333565717556, 0.4372747893924817, 0.4089121313869949, 0.3324517949356062, 0.31082135901094315, 0.3535329731660932, 0.4211634280150738, 0.44476525810483775, 0.4192444768714897, 0.3941314440861145, 0.38121001956941475, 0.3976387123412443, 0.3823767926558953, 0.3645620135046339, 0.35442094042799227, 0.3380652945121265, 0.329813568928145, 0.3384066028392333, 0.3454065558468342]
y_for_failure: [0.5963412543226807, 0.5674958670220175, 0.6294053847001462, 0.6502166643428244, 0.5627252106075183, 0.591087868613005, 0.6675482050643937, 0.6891786409890567, 0.6464670268339067, 0.5788365719849261, 0.5552347418951622, 0.5807555231285103, 0.6058685559138856, 0.6187899804305852, 0.6023612876587556, 0.6176232073441047, 0.6354379864953661, 0.6455790595720077, 0.6619347054878736, 0.6701864310718549, 0.6615933971607667, 0.6545934441531658]
