x: [0, 1, 2, 3, 4, 5, 6, 7, 8, 9, 10, 11, 12, 13, 14, 15, 16, 17, 18, 19]
y_for_success: [0.3733759446865826, 0.5, 0.42732422616862015, 0.3991742317472558, 0.4222490716674431, 0.4763031444024669, 0.31704621569762953, 0.2949206212646156, 0.2894676617184074, 0.3981449317369069, 0.5319161369375169, 0.6274546326527539, 0.616612755918713, 0.5, 0.4854759353813451, 0.4501435475848623, 0.29875486820380603, 0.2013898080437152, 0.09234612824542299, 1.0000000994736041e-07]
y_for_failure: [0.6266240553134175, 0.5, 0.57267577383138, 0.6008257682527443, 0.5777509283325569, 0.5236968555975331, 0.6829537843023703, 0.7050793787353846, 0.7105323382815927, 0.6018550682630931, 0.46808386306248295, 0.3725453673472462, 0.38338724408128716, 0.5, 0.5145240646186552, 0.5498564524151375, 0.7012451317961941, 0.7986101919562849, 0.9076538717545771, 0.9999998999999902]
