now_kernel: poly
now_C: 1e-05
cross_validation_fold: 5
training time mean: 0.0585217475891s
x: [30, 34, 38, 40, 44, 48, 52, 56, 60, 64, 68, 72, 76]
y_for_max: [1.0, 1.0, 1.0, 0.875, 1.0, 1.0, 1.0, 1.0, 1.0, 1.0, 1.0, 1.0, 0.9375]
y_for_min: [0.6666666666666666, 0.625, 0.625, 0.625, 0.7, 0.7, 0.7, 0.6666666666666666, 0.6666666666666666, 0.7857142857142857, 0.7857142857142857, 0.75, 0.8125]
y_for_mean: [0.8333333333333333, 0.825, 0.8166666666666667, 0.8, 0.825, 0.875, 0.8633333333333333, 0.8466666666666667, 0.8833333333333334, 0.8952380952380953, 0.8833333333333334, 0.8785714285714287, 0.8696428571428572]
