now_kernel: rbf
now_C: 1000.0
cross_validation_fold: 5
training time mean: 0.0547276827005s
x: [30, 34, 38, 40, 44, 48, 52, 56, 60, 64, 68, 72, 76]
y_for_max: [1.0, 1.0, 1.0, 1.0, 1.0, 1.0, 1.0, 1.0, 1.0, 1.0, 1.0, 1.0, 1.0]
y_for_min: [0.5, 0.75, 0.75, 0.75, 0.7, 0.7, 0.7, 0.75, 0.75, 0.8571428571428571, 0.9166666666666666, 0.9285714285714286, 0.8571428571428571]
y_for_mean: [0.8666666666666668, 0.9166666666666667, 0.9, 0.9, 0.9400000000000001, 0.9400000000000001, 0.9400000000000001, 0.95, 0.95, 0.9714285714285715, 0.9690476190476192, 0.9732142857142858, 0.9589285714285714]
