now_kernel: poly
now_C: 100.0
cross_validation_fold: 5
training time mean: 0.106282784389s
x: [60, 68, 76, 80, 88, 96, 104, 112, 120, 128, 136, 144, 152]
y_for_max: [0.9166666666666666, 0.9166666666666666, 0.875, 0.9375, 0.9375, 0.9375, 0.95, 0.95, 0.9583333333333334, 1.0, 0.9285714285714286, 0.90625, 0.9375]
y_for_min: [0.75, 0.6666666666666666, 0.5833333333333334, 0.6875, 0.8, 0.8, 0.7, 0.8333333333333334, 0.875, 0.875, 0.8928571428571429, 0.8571428571428571, 0.84375]
y_for_mean: [0.8, 0.8041666666666666, 0.7541666666666667, 0.825, 0.865, 0.8774999999999998, 0.8450000000000001, 0.8683333333333334, 0.9, 0.9154761904761906, 0.9047619047619048, 0.88125, 0.89375]
