now_kernel: rbf
now_C: 0.1
cross_validation_fold: 5
training time mean: 0.14204459924s
x: [60, 68, 76, 80, 88, 96, 104, 112, 120, 128, 136, 144, 152]
y_for_max: [0.9166666666666666, 0.875, 0.875, 0.875, 0.875, 0.85, 0.95, 0.8333333333333334, 0.8333333333333334, 0.875, 0.8571428571428571, 0.8571428571428571, 0.9375]
y_for_min: [0.75, 0.75, 0.75, 0.75, 0.6875, 0.7, 0.7, 0.75, 0.7916666666666666, 0.75, 0.75, 0.75, 0.75]
y_for_mean: [0.8, 0.8041666666666668, 0.8, 0.8, 0.765, 0.7825, 0.79, 0.7933333333333333, 0.8083333333333333, 0.819047619047619, 0.8142857142857143, 0.7982142857142857, 0.8196428571428571]
