now_kernel: linear
now_C: 10000.0
cross_validation_fold: 5
training time mean: 0.0448586573968s
x: [12, 14, 16, 16, 18, 20, 22, 24, 24, 26, 28, 30, 32]
y_for_max: [1.0, 1.0, 1.0, 1.0, 1.0, 1.0, 1.0, 1.0, 1.0, 1.0, 1.0, 1.0, 1.0]
y_for_min: [0.5, 0.5, 0.5, 0.5, 0.75, 0.75, 0.75, 0.8333333333333334, 0.8333333333333334, 0.75, 0.75, 0.8333333333333334, 0.8333333333333334]
y_for_mean: [0.85, 0.85, 0.85, 0.85, 0.9, 0.9, 0.9, 0.9666666666666668, 0.9666666666666668, 0.95, 0.95, 0.9666666666666666, 0.9666666666666668]
