now_kernel: rbf
now_C: 1e-05
cross_validation_fold: 5
training time mean: 0.0657596221337s
x: [30, 34, 38, 40, 44, 48, 52, 56, 60, 64, 68, 72, 76]
y_for_max: [0.8333333333333334, 0.875, 0.875, 0.75, 0.875, 0.8, 0.8333333333333334, 0.8333333333333334, 0.8333333333333334, 0.7857142857142857, 0.7857142857142857, 0.7142857142857143, 0.6875]
y_for_min: [0.5, 0.5, 0.625, 0.625, 0.5, 0.6, 0.6, 0.5833333333333334, 0.5833333333333334, 0.5833333333333334, 0.5, 0.5714285714285714, 0.5714285714285714]
y_for_mean: [0.7, 0.7, 0.7083333333333333, 0.7, 0.6849999999999999, 0.6849999999999999, 0.6866666666666666, 0.6966666666666667, 0.6833333333333333, 0.6666666666666667, 0.6571428571428571, 0.6517857142857143, 0.6428571428571428]
