now_kernel: linear
now_C: 0.0001
cross_validation_fold: 5
training time mean: 0.11042868174s
x: [60, 68, 76, 80, 88, 96, 104, 112, 120, 128, 136, 144, 152]
y_for_max: [0.8333333333333334, 0.9166666666666666, 0.875, 0.875, 0.9375, 0.9375, 0.9, 0.85, 0.875, 0.9166666666666666, 0.9166666666666666, 0.8928571428571429, 0.90625]
y_for_min: [0.6666666666666666, 0.5, 0.6666666666666666, 0.625, 0.75, 0.8, 0.75, 0.75, 0.7916666666666666, 0.8214285714285714, 0.8214285714285714, 0.78125, 0.8125]
y_for_mean: [0.7166666666666666, 0.7291666666666666, 0.7333333333333333, 0.75, 0.82, 0.8275, 0.8283333333333334, 0.805, 0.8416666666666668, 0.869047619047619, 0.8619047619047618, 0.8276785714285714, 0.8473214285714284]
