now_kernel: linear
now_C: 1e-05
cross_validation_fold: 5
training time mean: 0.138924268576s
x: [60, 68, 76, 80, 88, 96, 104, 112, 120, 128, 136, 144, 152]
y_for_max: [0.8333333333333334, 0.9166666666666666, 0.875, 0.875, 0.9375, 0.9375, 0.9, 0.85, 0.8333333333333334, 0.9166666666666666, 0.8214285714285714, 0.7857142857142857, 0.8571428571428571]
y_for_min: [0.6666666666666666, 0.5, 0.6666666666666666, 0.625, 0.75, 0.65, 0.65, 0.75, 0.6666666666666666, 0.7083333333333334, 0.6785714285714286, 0.7142857142857143, 0.7142857142857143]
y_for_mean: [0.7166666666666666, 0.7291666666666666, 0.7333333333333333, 0.7375, 0.82, 0.7474999999999999, 0.7699999999999999, 0.77, 0.7583333333333333, 0.8, 0.7583333333333333, 0.74375, 0.7767857142857143]
