now_kernel: linear
now_C: 10000.0
cross_validation_fold: 5
training time mean: 0.110549871738s
x: [60, 68, 76, 80, 88, 96, 104, 112, 120, 128, 136, 144, 152]
y_for_max: [0.8333333333333334, 0.9166666666666666, 0.8125, 0.875, 0.9, 0.9, 0.9, 0.875, 0.9166666666666666, 0.9166666666666666, 0.8928571428571429, 0.875, 0.90625]
y_for_min: [0.6666666666666666, 0.6666666666666666, 0.625, 0.6875, 0.85, 0.8, 0.75, 0.7916666666666666, 0.8333333333333334, 0.8333333333333334, 0.8214285714285714, 0.7857142857142857, 0.8214285714285714]
y_for_mean: [0.7666666666666667, 0.7749999999999999, 0.7208333333333333, 0.8, 0.875, 0.8425, 0.8200000000000001, 0.8316666666666667, 0.8583333333333332, 0.8678571428571427, 0.8607142857142858, 0.8392857142857142, 0.8607142857142858]
