now_kernel: poly
now_C: 1e-05
cross_validation_fold: 5
training time mean: 0.126160713343s
x: [60, 68, 76, 80, 88, 96, 104, 112, 120, 128, 136, 144, 152]
y_for_max: [0.8333333333333334, 1.0, 0.9375, 0.9375, 0.8125, 0.9, 0.9, 0.95, 0.875, 0.875, 0.8928571428571429, 0.8571428571428571, 0.875]
y_for_min: [0.6666666666666666, 0.75, 0.5833333333333334, 0.625, 0.75, 0.75, 0.65, 0.7083333333333334, 0.75, 0.625, 0.7142857142857143, 0.7142857142857143, 0.78125]
y_for_mean: [0.7833333333333334, 0.825, 0.7791666666666667, 0.7875, 0.7849999999999999, 0.825, 0.7983333333333332, 0.7983333333333332, 0.8166666666666668, 0.7738095238095238, 0.794047619047619, 0.81875, 0.8294642857142858]
