now_kernel: rbf
now_C: 10.0
cross_validation_fold: 5
training time mean: 0.137260216933s
x: [60, 68, 76, 80, 88, 96, 104, 112, 120, 128, 136, 144, 152]
y_for_max: [0.8333333333333334, 0.9375, 0.8125, 0.8125, 0.9375, 0.95, 0.95, 0.9166666666666666, 0.9583333333333334, 1.0, 0.9642857142857143, 0.9642857142857143, 0.9375]
y_for_min: [0.75, 0.8125, 0.75, 0.75, 0.75, 0.8, 0.7916666666666666, 0.7916666666666666, 0.7916666666666666, 0.8214285714285714, 0.7857142857142857, 0.75, 0.8214285714285714]
y_for_mean: [0.8166666666666668, 0.8666666666666666, 0.7875, 0.8, 0.8550000000000001, 0.875, 0.8683333333333334, 0.8566666666666667, 0.9, 0.8916666666666668, 0.8833333333333334, 0.86875, 0.8803571428571428]
