x: [0, 1, 2, 3, 4, 5, 6, 7, 8, 9, 10, 11, 12, 13, 14, 15, 16, 17, 18, 19, 20]
y_for_approach: [0.07159388369398399, 0.26314480149819197, 0.44069394158416353, 0.5549642200165005, 0.642267246269176, 0.6802618446547696, 0.719502071685154, 0.8716010905866706, 0.015603783403970256, 0.015111169297143573, 0.015792094382574128, 0.015277150259630876, 0.015162233514876014, 0.015071115775413566, 0.015130258680224508, 0.015163300607514408, 0.015567442818347049, 0.010723367347439885, 0.015125678677419084, 0.020358609642806214, 0.015507619326068768]
y_for_rotation: [0.27659287903121843, 0.2290706252207256, 0.1750345645210855, 0.13508662095341484, 0.11005948634875164, 0.09828743839075908, 0.08574245666083136, 0.039501311355857265, 0.11252026979637354, 0.2920822272766187, 0.5699554380956292, 0.43156773983478786, 0.47741396359028027, 0.6416574345036755, 0.5966170517115577, 0.48783633187783765, 0.9477201102387555, 0.9872433770810661, 0.045737562078591094, 0.08891690779582428, 0.029754614456133418]
y_for_insertion: [0.3369311672307742, 0.26144959202184703, 0.19611233826097596, 0.15688626393566246, 0.12518200987747, 0.11177630681752102, 0.09815722923069081, 0.045008910523867005, 0.4276754911382066, 0.3407693103292666, 0.2371565798577199, 0.2916587684181093, 0.24299969584253897, 0.17069406677620774, 0.2020078019319098, 0.2603865077902853, 0.023351003072684187, 0.0010060334679606374, 0.46784632131247633, 0.1370799591576147, 0.4867072738589988]
y_for_mating: [0.3148820700440236, 0.2463349812592353, 0.18815915563377472, 0.1530628950944224, 0.1224912575046024, 0.10967441013695048, 0.09659824242332393, 0.04388868753360504, 0.44420045566144983, 0.35203729309697135, 0.17709588766407686, 0.26149634148747186, 0.26442410705230485, 0.17257738294470323, 0.18624488767630829, 0.23661385972436247, 0.013361443870213124, 0.0010272221035333212, 0.47129043793151343, 0.7536445234037547, 0.46803049235879896]
