x: [0, 1, 2, 3, 4, 5, 6, 7, 8, 9, 10, 11, 12, 13, 14, 15, 16, 17, 18, 19, 20, 21]
y_for_approach: [0.06959641337420398, 0.2632448512132458, 0.44938096253573595, 0.566798084510636, 0.6547890689221934, 0.6953967029750353, 0.7338672233551432, 0.8746196113482271, 0.015601923341774631, 0.0166377010896956, 0.015665027123832668, 0.01584031253052071, 0.01585735667193403, 0.01582637458146401, 0.015410652948710428, 0.01585119548724373, 0.015848981183814125, 0.015768387668011575, 0.01536059226162073, 0.015314416977590112, 0.01534835914927604, 0.015363999919014965]
y_for_rotation: [0.3079729105955779, 0.2546742596739333, 0.18960416542076286, 0.14402716973522656, 0.11599813056105877, 0.10199562862730249, 0.08842513178479983, 0.04051913311150514, 0.2885068579771951, 0.34109245115559356, 0.7447290910489227, 0.8306828259956237, 0.8651870655931151, 0.902597839102638, 0.9137196194995173, 0.9220660128443968, 0.9170046201617262, 0.9296214815301622, 0.0788925798080572, 0.053080563518138196, 0.03187593601306753, 0.036011293036242384]
y_for_insertion: [0.3258073987969668, 0.25163676962682335, 0.18628315238543675, 0.14781594533858103, 0.11694809031581221, 0.1031495580987641, 0.09028068355324283, 0.0431232269354468, 0.3283466585188995, 0.35468541015915545, 0.13590319351153593, 0.10594105014405757, 0.0796544646143292, 0.05520747687659682, 0.046858188272328335, 0.04242079745533295, 0.04621487296464973, 0.03838672334293738, 0.4491281541049748, 0.46332910077935524, 0.47594804971488897, 0.47396740861862774]
y_for_mating: [0.2966232772332515, 0.2304441194859975, 0.17473171965806403, 0.14135880041555632, 0.11226471020093569, 0.099458110298898, 0.08742696130681445, 0.04173802860482122, 0.36754456016213116, 0.28758443759555535, 0.10370268831570861, 0.047535811329798075, 0.039301113120621754, 0.026368309439301168, 0.024011539279443564, 0.01966199421302643, 0.020931525689809827, 0.016223407458889134, 0.4566186738253473, 0.4682759187249166, 0.4768276551227673, 0.474657298426115]
