x: [0, 1, 2, 3, 4, 5, 6, 7, 8, 9, 10, 11, 12, 13, 14, 15, 16, 17, 18, 19]
y_for_success: [0.06045295245872534, 0.0011690381076656768, 0.0001918240405722798, 6.710304555792115e-05, 3.247538241747363e-05, 2.0650552566069822e-05, 1.4155956646926932e-05, 0.0012574689384362858, 0.02087896693854651, 0.061388436443448054, 0.24350535443369423, 0.5162352506928197, 0.6775668027024198, 0.764208526852377, 0.813985727708328, 0.8785560123769561, 0.9289885908429284, 0.9580399920409333, 0.948542554792796, 0.9999999984118898]
y_for_failure: [0.9395470475412746, 0.9988309618923342, 0.9998081759594277, 0.9999328969544422, 0.9999675246175825, 0.9999793494474339, 0.9999858440433531, 0.9987425310615639, 0.9791210330614534, 0.938611563556552, 0.7564946455663059, 0.48376474930718033, 0.32243319729758024, 0.23579147314762314, 0.18601427229167208, 0.12144398762304394, 0.07101140915707159, 0.0419600079590667, 0.051457445207203745, 1.588110112161254e-09]
