x: [0, 1, 2, 3, 4, 5, 6, 7, 8, 9, 10, 11, 12, 13, 14, 15, 16, 17, 18, 19]
y_for_success: [0.06522399772759654, 0.0011468582406694732, 0.00017712119823253488, 5.948444740773969e-05, 2.7967881888066105e-05, 1.7614783716966257e-05, 1.1836898174466788e-05, 0.0005262630410952226, 0.009254141543708582, 0.06072276760615131, 0.2972879577920819, 0.5583758471733098, 0.7275565777288245, 0.8285394217477385, 0.8836036438479465, 0.9116218335575498, 0.941444619321787, 0.9547009359394265, 0.9673859454775705, 0.9999999984217389]
y_for_failure: [0.9347760022724034, 0.9988531417593305, 0.9998228788017676, 0.9999405155525923, 0.999972032118112, 0.999982385216283, 0.9999881631018256, 0.9994737369589047, 0.9907458584562915, 0.9392772323938486, 0.7027120422079183, 0.4416241528266902, 0.27244342227117563, 0.17146057825226133, 0.11639635615205338, 0.08837816644245014, 0.05855538067821314, 0.045299064060573366, 0.032614054522429506, 1.5782610395317152e-09]
