x: [0, 1, 2, 3, 4, 5, 6, 7, 8, 9, 10, 11, 12, 13, 14, 15, 16, 17, 18, 19]
y_for_success: [0.06522399772759654, 0.0011468582406694732, 0.00017712119823253488, 5.948444740773969e-05, 2.7967881888066105e-05, 1.7614783716966257e-05, 1.334810130276337e-05, 0.0007366512841492115, 0.009317633700812377, 0.07670711238969369, 0.21117985823292032, 0.4850838172712063, 0.6462183411709673, 0.7525575542793469, 0.8405101105362747, 0.9135003635268835, 0.9308798113684092, 0.957035462801825, 0.9793238799194687, 0.9999999984076688]
y_for_failure: [0.9347760022724034, 0.9988531417593305, 0.9998228788017676, 0.9999405155525923, 0.999972032118112, 0.999982385216283, 0.9999866518986973, 0.9992633487158509, 0.9906823662991877, 0.9232928876103064, 0.7888201417670797, 0.5149161827287938, 0.35378165882903256, 0.24744244572065321, 0.15948988946372553, 0.08649963647311638, 0.06912018863159068, 0.04296453719817488, 0.020676120080531303, 1.5923311104034447e-09]
