x: [0, 1, 2, 3, 4, 5, 6, 7, 8, 9, 10, 11, 12, 13, 14, 15, 16, 17, 18, 19, 20, 21, 22]
y_for_approach: [0.06959641337420398, 0.2632448512132458, 0.44938096253573595, 0.566798084510636, 0.6547890689221934, 0.6953967029750353, 0.7338672233551432, 0.8712183307290529, 0.0173850615127666, 0.01523075963808214, 0.01742438143748356, 0.016752618863499037, 0.016507012971724768, 0.015953309619140012, 0.016176404988905914, 0.016065988195626737, 0.015411660060983972, 0.010734409013421306, 0.016350270166450586, 0.016526230265778742, 0.015388501818704261, 0.01529002000169337, 0.0153277924573123]
y_for_rotation: [0.3079729105955779, 0.2546742596739333, 0.18960416542076286, 0.14402716973522656, 0.11599813056105877, 0.10199562862730249, 0.08842513178479983, 0.041287924629448414, 0.38558455090871047, 0.552929254949838, 0.5619055554955217, 0.6323442407970169, 0.7212806466337683, 0.7130919193862585, 0.7375387890737954, 0.8345979913067046, 0.978513423959582, 0.9872146355894427, 0.1040188383233357, 0.1322493513406019, 0.0410139814102082, 0.09368583796252526, 0.08899667182009832]
y_for_insertion: [0.3258073987969668, 0.25163676962682335, 0.18628315238543675, 0.14781594533858103, 0.11694809031581221, 0.1031495580987641, 0.09028068355324283, 0.0443873116449671, 0.25076709839393596, 0.23135677550896863, 0.25884202367154996, 0.21200874617173035, 0.17155861859850569, 0.1610059225127364, 0.15972279683055687, 0.10052393220803138, 0.0036522074798134656, 0.0010117880401660983, 0.4459690524706163, 0.43787326862883696, 0.47252231233451547, 0.44019044224883913, 0.44263509059197526]
y_for_mating: [0.2966232772332515, 0.2304441194859975, 0.17473171965806403, 0.14135880041555632, 0.11226471020093569, 0.099458110298898, 0.08742696130681445, 0.04310643299653166, 0.3462632891845869, 0.20048320990311141, 0.1618280393954447, 0.13889439416775334, 0.09065372179600144, 0.10994884848186519, 0.08656200910674168, 0.048812088289637144, 0.002422708499620388, 0.0010391673569699108, 0.433661839039598, 0.4133511497647823, 0.4710752044365721, 0.45083369978694204, 0.45304044513061403]
