x: [0, 1, 2, 3, 4, 5, 6, 7, 8, 9, 10, 11, 12, 13, 14, 15, 16, 17, 18, 19, 20, 21]
y_for_approach: [0.06959641337420398, 0.2632448512132458, 0.44938096253573595, 0.566798084510636, 0.6547890689221934, 0.6953967029750353, 0.7338672233551432, 0.8973582185166473, 0.014957791665863925, 0.014937942050549836, 0.015029006635715393, 0.01579520658204753, 0.016816555205454768, 0.01534218966982084, 0.0154486093318546, 0.016752779333386602, 0.015419752024814767, 0.01074382091231039, 0.015244216287930271, 0.015727860468223255, 0.015452212651561133, 0.016604194006631542]
y_for_rotation: [0.3079729105955779, 0.2546742596739333, 0.18960416542076286, 0.14402716973522656, 0.11599813056105877, 0.10199562862730249, 0.08842513178479983, 0.03487594178185276, 0.37166591044602226, 0.37872394595205217, 0.5582885361077725, 0.6369602314220835, 0.6225726286390413, 0.3383432317826975, 0.5488062683413674, 0.5268130031592778, 0.9669393000343791, 0.9872121749994439, 0.41833894556831475, 0.4077708769853823, 0.39347588238179476, 0.09134577489856976]
y_for_insertion: [0.3258073987969668, 0.25163676962682335, 0.18628315238543675, 0.14781594533858103, 0.11694809031581221, 0.1031495580987641, 0.09028068355324283, 0.03461080610897702, 0.30667537186473737, 0.30304635897123994, 0.21787885680336458, 0.19819142818654722, 0.2285338257979659, 0.3350523171252912, 0.23561984872716069, 0.2724455487340247, 0.011530292039680928, 0.0010099601954501455, 0.29717764195804397, 0.3137432484915676, 0.3148994544212405, 0.43612215633916857]
y_for_mating: [0.2966232772332515, 0.2304441194859975, 0.17473171965806403, 0.14135880041555632, 0.11226471020093569, 0.099458110298898, 0.08742696130681445, 0.03315503359252285, 0.3067009260233768, 0.3032917530261577, 0.20880360045314744, 0.1490531338093217, 0.13207699035753795, 0.31126226142219027, 0.20012527359961715, 0.18398866877331083, 0.00611065590112515, 0.0010340438927956615, 0.2692391961857112, 0.26275801405482685, 0.2761724505454038, 0.4559278747556302]
