x: [0, 1, 2, 3, 4, 5, 6, 7, 8, 9, 10, 11, 12, 13, 14, 15, 16, 17, 18, 19, 20]
y_for_success: [0.06522399772759654, 0.0011468582406694732, 0.00017712119823253488, 5.948444740773969e-05, 2.7967881888066105e-05, 1.7614783716966257e-05, 1.1836898174466788e-05, 0.0007987389603793399, 0.006801207185392131, 0.0788475014642976, 0.3066868136588302, 0.5688458215238948, 0.7656862362631038, 0.8349281826460908, 0.9117443540163997, 0.9350486717412286, 0.9369864919544028, 0.9513584326461242, 0.9530408274377381, 0.9700038938656533, 0.9550977328776037]
y_for_failure: [0.9347760022724034, 0.9988531417593305, 0.9998228788017676, 0.9999405155525923, 0.999972032118112, 0.999982385216283, 0.9999881631018256, 0.9992012610396206, 0.9931987928146079, 0.9211524985357022, 0.6933131863411698, 0.43115417847610527, 0.23431376373689627, 0.16507181735390913, 0.08825564598360018, 0.06495132825877142, 0.06301350804559723, 0.0486415673538758, 0.04695917256226201, 0.029996106134346646, 0.044902267122396276]
