x: [0, 1, 2, 3, 4, 5, 6, 7, 8, 9, 10, 11, 12, 13, 14, 15, 16, 17, 18, 19, 20, 21, 22]
y_for_approach: [0.06959641337420398, 0.2632448512132458, 0.44938096253573595, 0.566798084510636, 0.6547890689221934, 0.6953967029750353, 0.7338672233551432, 0.8928123780072875, 0.015800259507299443, 0.01559433146128398, 0.01518332861865993, 0.01519394949739085, 0.015351049685532686, 0.015711600279294215, 0.015351939718819737, 0.015810399459263335, 0.01574645429065467, 0.01568039478111752, 0.015214114902414274, 0.01631065167098802, 0.016888895159387806, 0.015225403844439283, 0.015234059962330865]
y_for_rotation: [0.3079729105955779, 0.2546742596739333, 0.18960416542076286, 0.14402716973522656, 0.11599813056105877, 0.10199562862730249, 0.08842513178479983, 0.03645701999910905, 0.5639301135644357, 0.8177556510777362, 0.8864465164172928, 0.8631036865171952, 0.8897107652861569, 0.8244853569264451, 0.9044661465487893, 0.8430513013585379, 0.8389780253847102, 0.8048070089364441, 0.1387556905518358, 0.04869122219946094, 0.05545153589733426, 0.03556982098508203, 0.036374393804963545]
y_for_insertion: [0.3258073987969668, 0.25163676962682335, 0.18628315238543675, 0.14781594533858103, 0.11694809031581221, 0.1031495580987641, 0.09028068355324283, 0.036140697415921484, 0.17881814063237633, 0.09003433104128848, 0.0572349062346425, 0.0710271096876182, 0.061721794565097944, 0.10433468439357978, 0.05321693698841606, 0.08441970222853454, 0.09302195564237249, 0.10964962320345382, 0.4273434057790284, 0.27191949368191176, 0.12865479439672756, 0.4728407048563478, 0.47246916388146265]
y_for_mating: [0.2966232772332515, 0.2304441194859975, 0.17473171965806403, 0.14135880041555632, 0.11226471020093569, 0.099458110298898, 0.08742696130681445, 0.03458990457768167, 0.24145148629588836, 0.07661568641969152, 0.04113524872940482, 0.050675254297796, 0.03321639046321251, 0.0554683584006809, 0.02696497674397508, 0.056718596953664435, 0.05225356468226288, 0.06986297307898433, 0.4186867887667213, 0.6630786324476394, 0.7990047745465503, 0.4763640703141307, 0.4759223823512431]
