x: [0, 1, 2, 3, 4, 5, 6, 7, 8, 9, 10, 11, 12, 13, 14, 15, 16, 17, 18, 19, 20]
y_for_approach: [0.06959641337420398, 0.2632448512132458, 0.44938096253573595, 0.566798084510636, 0.6547890689221934, 0.6953967029750353, 0.7338672233551432, 0.8711984504923561, 0.01585952689162411, 0.01514819187563658, 0.015599404818955947, 0.016175183415402226, 0.015336613936456944, 0.016024331589103193, 0.015692167361683343, 0.016159934806190608, 0.016030644347610173, 0.015930346495192944, 0.015293400154585657, 0.016242784373539324, 0.02324718055948256]
y_for_rotation: [0.3079729105955779, 0.2546742596739333, 0.18960416542076286, 0.14402716973522656, 0.11599813056105877, 0.10199562862730249, 0.08842513178479983, 0.041801518845633434, 0.12082625432719642, 0.4313735637266075, 0.29099943024121283, 0.4864397117474453, 0.45618162767066545, 0.6984038579473735, 0.7242720176122881, 0.7010569185714307, 0.7121580952206603, 0.7157595656906475, 0.23616266329568233, 0.16505107745271527, 0.10446920600925001]
y_for_insertion: [0.3258073987969668, 0.25163676962682335, 0.18628315238543675, 0.14781594533858103, 0.11694809031581221, 0.1031495580987641, 0.09028068355324283, 0.04421130378835102, 0.42021031927002456, 0.28213665801544635, 0.3625599431989591, 0.2821844345103707, 0.27610642542199554, 0.17656450804857202, 0.14691629188779914, 0.17806952032904988, 0.16821689730826822, 0.16363804494944972, 0.38426481842251103, 0.4252689768534059, 0.7307639225471783]
y_for_mating: [0.2966232772332515, 0.2304441194859975, 0.17473171965806403, 0.14135880041555632, 0.11226471020093569, 0.099458110298898, 0.08742696130681445, 0.04278872687365903, 0.44310389951115514, 0.27134158638230954, 0.3308412217408722, 0.21520067032678156, 0.252375332970882, 0.10900730241495134, 0.1131195231382296, 0.10471362629332863, 0.1035943631234614, 0.10467204286470994, 0.36427911812722075, 0.39343716132033973, 0.14151969088408936]
