x: [0, 1, 2, 3, 4, 5, 6, 7, 8, 9, 10, 11, 12, 13, 14, 15, 16, 17, 18, 19, 20, 21]
y_for_approach: [0.06959641337420398, 0.2632448512132458, 0.44938096253573595, 0.566798084510636, 0.6547890689221934, 0.6953967029750353, 0.7338672233551432, 0.8897214181033807, 0.01594980945223105, 0.016384358952931184, 0.016077038395375703, 0.016199594508651455, 0.016040183536252656, 0.015936734592148647, 0.016000907583679537, 0.01588269528617246, 0.015902339284183237, 0.01591240241743699, 0.015211511477434199, 0.015571422246006994, 0.015208268446691526, 0.015542445905968375]
y_for_rotation: [0.3079729105955779, 0.2546742596739333, 0.18960416542076286, 0.14402716973522656, 0.11599813056105877, 0.10199562862730249, 0.08842513178479983, 0.03656620595193521, 0.8446388145410466, 0.740590952904289, 0.9387851954751376, 0.717737036423374, 0.8073277431945771, 0.8289187266487197, 0.8969715442552955, 0.8247931944318287, 0.7965540599204132, 0.8431896694764878, 0.03937223953775579, 0.034310356993596657, 0.11308925644439186, 0.05779485205640122]
y_for_insertion: [0.3258073987969668, 0.25163676962682335, 0.18628315238543675, 0.14781594533858103, 0.11694809031581221, 0.1031495580987641, 0.09028068355324283, 0.03752976805321994, 0.08255038310783447, 0.16060934097223514, 0.03204302186621725, 0.16930423051745125, 0.1163463399070494, 0.09899457192616982, 0.05759170033167031, 0.10213230602072412, 0.12288820069187745, 0.09153301114328216, 0.4701735988793222, 0.1272240174526993, 0.42877908229564227, 0.4615980045977623]
y_for_mating: [0.2966232772332515, 0.2304441194859975, 0.17473171965806403, 0.14135880041555632, 0.11226471020093569, 0.099458110298898, 0.08742696130681445, 0.036182607891464005, 0.056860992898887616, 0.08241534717054444, 0.013094744263269642, 0.09675913855052327, 0.060285733362120834, 0.05614996683296177, 0.029435847829354555, 0.05719180426127459, 0.0646554001035259, 0.04936491696279292, 0.47524265010548766, 0.8228942033076972, 0.44292339281327436, 0.46506469743986806]
