x: [0, 1, 2, 3, 4, 5, 6, 7, 8, 9, 10, 11, 12, 13, 14, 15, 16, 17, 18, 19, 20, 21, 22]
y_for_approach: [0.07159388369398399, 0.26314480149819197, 0.44069394158416353, 0.5549642200165005, 0.642267246269176, 0.6802618446547696, 0.719502071685154, 0.8715457734308765, 0.015325425281877319, 0.0160239594409277, 0.016968101353667286, 0.018130251403946664, 0.01929811748403461, 0.01780051842529955, 0.017339102619196616, 0.016871811107879973, 0.01657032070530766, 0.01651923428779198, 0.015022062655821442, 0.018358213851352567, 0.018336589800857138, 0.015205520975108923, 0.015224382850304452]
y_for_rotation: [0.27659287903121843, 0.2290706252207256, 0.1750345645210855, 0.13508662095341484, 0.11005948634875164, 0.09828743839075908, 0.08574245666083136, 0.039755359184430614, 0.9010686269016237, 0.9378206144176973, 0.8869974596367814, 0.8326652683426167, 0.8483094775859776, 0.8925824966555342, 0.9390709153538499, 0.9490052851686552, 0.9556379041379851, 0.9561604952846503, 0.07492629305733221, 0.26064736741873384, 0.248564517911929, 0.042305138146031984, 0.043816866326117004]
y_for_insertion: [0.3369311672307742, 0.26144959202184703, 0.19611233826097596, 0.15688626393566246, 0.12518200987747, 0.11177630681752102, 0.09815722923069081, 0.04492801741106839, 0.040411903618274694, 0.032325177818884915, 0.06723056312119866, 0.10532513906483126, 0.09293652695853559, 0.05918741624357937, 0.02924368934491262, 0.023122866548907106, 0.01753909972812315, 0.017604095065168895, 0.4521724648978163, 0.40435819635622905, 0.40871271117409874, 0.4691782694046729, 0.46823037281765534]
y_for_mating: [0.3148820700440236, 0.2463349812592353, 0.18815915563377472, 0.1530628950944224, 0.1224912575046024, 0.10967441013695048, 0.09659824242332393, 0.04377084997362464, 0.04319404419822402, 0.013830248322489868, 0.028803875888352735, 0.043879341188605224, 0.03945587797145249, 0.03042956867558699, 0.014346292682040913, 0.01100003717455765, 0.010252675428584485, 0.009716175362389055, 0.45787917938903017, 0.3166362223736847, 0.324386181113115, 0.4733110714741863, 0.4727283780059234]
