x: [0, 1, 2, 3, 4, 5, 6, 7, 8, 9, 10, 11, 12, 13, 14, 15, 16, 17, 18, 19]
y_for_success: [0.06522399772759654, 0.0011468582406694732, 0.00017712119823253488, 5.948444740773969e-05, 2.7967881888066105e-05, 1.7614783716966257e-05, 1.1836898174466788e-05, 0.0005640641269247198, 0.008973627376419479, 0.11246213621950334, 0.3924441837690674, 0.6445455755359704, 0.7689211546078967, 0.865276990385232, 0.888462506284011, 0.9218080402018953, 0.9433720131979204, 0.9617023807158916, 0.9649411394024584, 0.9608592836842815]
y_for_failure: [0.9347760022724034, 0.9988531417593305, 0.9998228788017676, 0.9999405155525923, 0.999972032118112, 0.999982385216283, 0.9999881631018256, 0.9994359358730752, 0.9910263726235805, 0.8875378637804967, 0.6075558162309326, 0.3554544244640296, 0.2310788453921034, 0.13472300961476794, 0.11153749371598906, 0.07819195979810474, 0.05662798680207949, 0.03829761928410815, 0.035058860597541715, 0.0391407163157186]
