x: [0, 1, 2, 3, 4, 5, 6, 7, 8, 9, 10, 11, 12, 13, 14, 15, 16, 17, 18, 19, 20]
y_for_approach: [0.06959641337420398, 0.2632448512132458, 0.44938096253573595, 0.566798084510636, 0.6547890689221934, 0.6953967029750353, 0.7338672233551432, 0.8910835735499949, 0.015133185203653131, 0.01527715650925667, 0.01578566298775909, 0.015293691833292478, 0.015292228146359953, 0.015413249296091825, 0.015499471532091693, 0.015365301143450975, 0.015083937632325434, 0.010725437205831169, 0.015360345586003197, 0.019590592306658893, 0.015294778514668247]
y_for_rotation: [0.3079729105955779, 0.2546742596739333, 0.18960416542076286, 0.14402716973522656, 0.11599813056105877, 0.10199562862730249, 0.08842513178479983, 0.03632744824648399, 0.6947683070860685, 0.9144209018488578, 0.8619337143597067, 0.9112292135972113, 0.9222060584526159, 0.9619998516188449, 0.9571485598081615, 0.9687721211321801, 0.9796312219601839, 0.9872390747131341, 0.09489572772273534, 0.08182942645512813, 0.04091529503933319]
y_for_insertion: [0.3258073987969668, 0.25163676962682335, 0.18628315238543675, 0.14781594533858103, 0.11694809031581221, 0.1031495580987641, 0.09028068355324283, 0.03699026594350667, 0.15527039372188306, 0.043082283886006406, 0.0815196338979154, 0.04663723918039521, 0.04176801886031341, 0.014714650054461317, 0.018922115185989546, 0.010623359063793844, 0.0030858064750115253, 0.0010028084208233091, 0.44192007017520996, 0.13368560109725106, 0.4713946717587881]
y_for_mating: [0.2966232772332515, 0.2304441194859975, 0.17473171965806403, 0.14135880041555632, 0.11226471020093569, 0.099458110298898, 0.08742696130681445, 0.035598712260014494, 0.13482811398839525, 0.027219657755879298, 0.04076098875461886, 0.026839855389100997, 0.02073369454071065, 0.00787224903060186, 0.008429853473757203, 0.00523921866057507, 0.0021990339324787613, 0.0010326796602110127, 0.4478238565160515, 0.7648943801409622, 0.47239525468721083]
