x: [0, 1, 2, 3, 4, 5, 6, 7, 8, 9, 10, 11, 12, 13, 14, 15, 16, 17, 18, 19]
y_for_success: [0.06522399772759654, 0.0011468582406694732, 0.00017712119823253488, 5.948444740773969e-05, 2.7967881888066105e-05, 1.7614783716966257e-05, 1.1836898174466788e-05, 0.0004973338346419699, 0.008692065665107057, 0.05906726446540889, 0.2575516222474887, 0.4248960706442563, 0.650515619596398, 0.7089369389687359, 0.7860092864965547, 0.8547004162894636, 0.8980219754883153, 0.9255355776267188, 0.9416136869040518, 0.9698846782598854]
y_for_failure: [0.9347760022724034, 0.9988531417593305, 0.9998228788017676, 0.9999405155525923, 0.999972032118112, 0.999982385216283, 0.9999881631018256, 0.999502666165358, 0.991307934334893, 0.9409327355345911, 0.7424483777525113, 0.5751039293557437, 0.3494843804036019, 0.29106306103126417, 0.21399071350344534, 0.14529958371053647, 0.10197802451168456, 0.07446442237328114, 0.058386313095948154, 0.03011532174011445]
