x: [0, 1, 2, 3, 4, 5, 6, 7, 8, 9, 10, 11, 12, 13, 14, 15, 16, 17, 18, 19, 20]
y_for_success: [0.06522399772759654, 0.0011468582406694732, 0.00017712119823253488, 5.948444740773969e-05, 2.7967881888066105e-05, 1.7614783716966257e-05, 1.1836898174466788e-05, 0.0007266726784044496, 0.011155490525686262, 0.09767267217907669, 0.38588646658770404, 0.5841451816488794, 0.6975901448267756, 0.7974565858956018, 0.8772544532723335, 0.8929272880038378, 0.9038667238180099, 0.9464499403944637, 0.9591008313055321, 0.9630909385020077, 0.9999999984215215]
y_for_failure: [0.9347760022724034, 0.9988531417593305, 0.9998228788017676, 0.9999405155525923, 0.999972032118112, 0.999982385216283, 0.9999881631018256, 0.9992733273215956, 0.9888445094743138, 0.9023273278209233, 0.6141135334122958, 0.4158548183511205, 0.30240985517322405, 0.20254341410439836, 0.12274554672766633, 0.10707271199616201, 0.09613327618199013, 0.05355005960553648, 0.040899168694467795, 0.03690906149799236, 1.5784783837009144e-09]
