x: [0, 1, 2, 3, 4, 5, 6, 7, 8, 9, 10, 11, 12, 13, 14, 15, 16, 17, 18, 19, 20, 21]
y_for_approach: [0.06959641337420398, 0.2632448512132458, 0.44938096253573595, 0.566798084510636, 0.6547890689221934, 0.6953967029750353, 0.7338672233551432, 0.8850826170028608, 0.015165226306931335, 0.015416786622296886, 0.01569606123188754, 0.016097286080125693, 0.016088750469028194, 0.016286173616260297, 0.01611821930796277, 0.01617056244203743, 0.016000226984186988, 0.01597532395497989, 0.016375806242318807, 0.01517144256689201, 0.0153115439976506, 0.015353222126164492]
y_for_rotation: [0.3079729105955779, 0.2546742596739333, 0.18960416542076286, 0.14402716973522656, 0.11599813056105877, 0.10199562862730249, 0.08842513178479983, 0.03856161920554451, 0.9401069786873075, 0.9595292653213143, 0.9403798888580781, 0.845290182817121, 0.9522307573523096, 0.9344089636112722, 0.886339390204942, 0.7667334107094663, 0.8043272920240258, 0.8037748821451864, 0.16357528829507048, 0.20780991187223305, 0.04909340708479543, 0.04927187625496892]
y_for_insertion: [0.3258073987969668, 0.25163676962682335, 0.18628315238543675, 0.14781594533858103, 0.11694809031581221, 0.1031495580987641, 0.09028068355324283, 0.0389323241976439, 0.027945210096156213, 0.01585037359556287, 0.028092857972614915, 0.090604787006156, 0.021524737348183005, 0.033344234770764064, 0.06368291814527093, 0.14397018646063403, 0.11386199075674364, 0.11282229943311983, 0.42481624765732057, 0.3908153112643526, 0.4653537338051568, 0.46580410456035987]
y_for_mating: [0.2966232772332515, 0.2304441194859975, 0.17473171965806403, 0.14135880041555632, 0.11226471020093569, 0.099458110298898, 0.08742696130681445, 0.0374234395939509, 0.016782584909604784, 0.00920357446082575, 0.015831191937419477, 0.048007744096597235, 0.010155754830478984, 0.015960628001703493, 0.03385947234182448, 0.07312584038786225, 0.06581049023504346, 0.06742749446671417, 0.3952326578052904, 0.3862033342965224, 0.4702413151123971, 0.4695707970585069]
