x: [0, 1, 2, 3, 4, 5, 6, 7, 8, 9, 10, 11, 12, 13, 14, 15, 16, 17, 18, 19, 20, 21, 22, 23]
y_for_approach: [0.06959641337420398, 0.2632448512132458, 0.44938096253573595, 0.566798084510636, 0.6547890689221934, 0.6953967029750353, 0.7338672233551432, 0.8696557293915481, 0.015348781789492786, 0.01513411245275606, 0.016168576160534187, 0.016728505379999446, 0.016910584698765645, 0.01682206871183178, 0.01657529411382399, 0.015915122263300146, 0.015472240532542564, 0.010763072146783521, 0.015362915417261685, 0.018700344100471507, 0.02038013476053925, 0.015355871902668366, 0.015278886175310997, 0.015281886464774692]
y_for_rotation: [0.3079729105955779, 0.2546742596739333, 0.18960416542076286, 0.14402716973522656, 0.11599813056105877, 0.10199562862730249, 0.08842513178479983, 0.04165978811934982, 0.9605580873261472, 0.9302431921018525, 0.8573402817430784, 0.8634690732051262, 0.93487727573268, 0.9053937564153359, 0.8810170811046983, 0.9271457707811218, 0.9794216676554275, 0.9871738939209707, 0.0710801783878642, 0.07319112174210184, 0.08765828073729255, 0.04483255989355394, 0.046084921468962745, 0.043513576937796145]
y_for_insertion: [0.3258073987969668, 0.25163676962682335, 0.18628315238543675, 0.14781594533858103, 0.11694809031581221, 0.1031495580987641, 0.09028068355324283, 0.04497467986384572, 0.01468843068765982, 0.03582287473524317, 0.08640961846006408, 0.08167408100452679, 0.03371811837364739, 0.05393720641954029, 0.06882813859890007, 0.03834663575480221, 0.0028955106030185457, 0.0010171202435719522, 0.45434701802077665, 0.26497977795578215, 0.13536748098165266, 0.4685923154262956, 0.4675711123283435, 0.46913508552498434]
y_for_mating: [0.2966232772332515, 0.2304441194859975, 0.17473171965806403, 0.14135880041555632, 0.11226471020093569, 0.099458110298898, 0.08742696130681445, 0.043709802625256276, 0.009404700196700106, 0.01879982071014869, 0.04008152363632322, 0.03812834041034751, 0.014494021194906979, 0.02384696845329189, 0.033579486182577716, 0.01859247120077582, 0.0022105812090112186, 0.0010459136886736043, 0.4592098881740975, 0.6431287562016441, 0.7565941035205158, 0.47121925277748206, 0.47106508002738284, 0.47206945107244475]
