x: [0, 1, 2, 3, 4, 5, 6, 7, 8, 9, 10, 11, 12, 13, 14, 15, 16, 17, 18, 19, 20]
y_for_success: [0.06522399772759654, 0.0011468582406694732, 0.00017712119823253488, 5.948444740773969e-05, 2.7967881888066105e-05, 1.7614783716966257e-05, 1.1836898174466788e-05, 0.00046227252056442854, 0.004454378355163871, 0.03718635896348122, 0.10227006542218192, 0.2866605798012807, 0.43109256600484114, 0.6192873312638567, 0.742919773855439, 0.8424744104931937, 0.9047764291459731, 0.9349729408580096, 0.9445142405617326, 0.9577855589704277, 0.9999999984227717]
y_for_failure: [0.9347760022724034, 0.9988531417593305, 0.9998228788017676, 0.9999405155525923, 0.999972032118112, 0.999982385216283, 0.9999881631018256, 0.9995377274794356, 0.9955456216448361, 0.9628136410365189, 0.8977299345778182, 0.7133394201987198, 0.568907433995159, 0.3807126687361434, 0.2570802261445611, 0.15752558950680645, 0.09522357085402688, 0.06502705914199024, 0.05548575943826745, 0.042214441029572385, 1.577228265815226e-09]
