x: [0, 1, 2, 3, 4, 5, 6, 7, 8, 9, 10, 11, 12, 13, 14, 15, 16, 17, 18, 19, 20, 21, 22]
y_for_approach: [0.06959641337420398, 0.2632448512132458, 0.44938096253573595, 0.566798084510636, 0.6547890689221934, 0.6953967029750353, 0.7338672233551432, 0.8711778570648812, 0.016948681906710082, 0.015095555179202861, 0.016206943205354866, 0.0163419132023608, 0.015980482933374555, 0.015931543791889914, 0.015999456663499494, 0.01718435360108509, 0.015796709139150666, 0.010735614097004208, 0.015221195052374547, 0.015102679706210306, 0.01563584767920611, 0.01597858019791585, 0.02303902457975786]
y_for_rotation: [0.3079729105955779, 0.2546742596739333, 0.18960416542076286, 0.14402716973522656, 0.11599813056105877, 0.10199562862730249, 0.08842513178479983, 0.04181629149980475, 0.21698066590901705, 0.3926755053971496, 0.6646691557773768, 0.607457131338379, 0.738565510297294, 0.8301166201279907, 0.6281837808316011, 0.5772009525337772, 0.9499157852035971, 0.9872174851189893, 0.17209956751200242, 0.1263740991808178, 0.12477558152408602, 0.10562984113650692, 0.10343305333234516]
y_for_insertion: [0.3258073987969668, 0.25163676962682335, 0.18628315238543675, 0.14781594533858103, 0.11694809031581221, 0.1031495580987641, 0.09028068355324283, 0.04422728251627237, 0.35225460873633513, 0.29157574777257056, 0.19757828727525292, 0.2180245581711839, 0.1563920785873623, 0.09693086896004108, 0.20157725675269353, 0.2475325414500788, 0.022526233966016357, 0.0010103081385033586, 0.4099305353708264, 0.4270983661117217, 0.41954371208383845, 0.4289754645628382, 0.7324554773406912]
y_for_mating: [0.2966232772332515, 0.2304441194859975, 0.17473171965806403, 0.14135880041555632, 0.11226471020093569, 0.099458110298898, 0.08742696130681445, 0.042778568919041644, 0.41381604344793765, 0.30065319165107696, 0.12154561374201531, 0.15817639728807617, 0.08906192818196906, 0.05702096712007818, 0.1542395057522058, 0.15808215241505919, 0.01176127169123567, 0.0010365926455033101, 0.40274870206479674, 0.43142485500125016, 0.4400448587128695, 0.44941611410273935, 0.1410724447472058]
