x: [0, 1, 2, 3, 4, 5, 6, 7, 8, 9, 10, 11, 12, 13, 14, 15, 16, 17, 18, 19]
y_for_success: [0.06522399772759654, 0.0011468582406694732, 0.00017712119823253488, 5.948444740773969e-05, 2.7967881888066105e-05, 1.7614783716966257e-05, 1.1836898174466788e-05, 0.00022918716923755637, 0.007281658870270585, 0.05015387147500034, 0.24246640092748825, 0.4545111107384546, 0.6726798694101138, 0.7903914658125095, 0.8368260556632304, 0.8973947787719174, 0.9175173928739611, 0.9487942623155136, 0.9508024434259291, 0.9999999984192348]
y_for_failure: [0.9347760022724034, 0.9988531417593305, 0.9998228788017676, 0.9999405155525923, 0.999972032118112, 0.999982385216283, 0.9999881631018256, 0.9997708128307626, 0.9927183411297296, 0.9498461285249996, 0.7575335990725116, 0.5454888892615454, 0.3273201305898862, 0.2096085341874906, 0.1631739443367698, 0.10260522122808252, 0.0824826071260388, 0.05120573768448655, 0.04919755657407106, 1.5807650835243599e-09]
