x: [0, 1, 2, 3, 4, 5, 6, 7, 8, 9, 10, 11, 12, 13, 14, 15, 16, 17, 18, 19, 20]
y_for_success: [0.06522399772759654, 0.0011468582406694732, 0.00017712119823253488, 5.948444740773969e-05, 2.7967881888066105e-05, 1.7614783716966257e-05, 1.1836898174466788e-05, 0.0006747857524084709, 0.0064592875245588505, 0.11065431495391705, 0.2954693773492272, 0.5557016848987679, 0.7186268200745101, 0.7931048614200797, 0.8318601845542914, 0.909031993686426, 0.9171322180250362, 0.9417962354019688, 0.9654924715032562, 0.9684860727127914, 0.9640966842692401]
y_for_failure: [0.9347760022724034, 0.9988531417593305, 0.9998228788017676, 0.9999405155525923, 0.999972032118112, 0.999982385216283, 0.9999881631018256, 0.9993252142475915, 0.9935407124754412, 0.8893456850460828, 0.7045306226507728, 0.4442983151012319, 0.28137317992548977, 0.20689513857992037, 0.1681398154457086, 0.09096800631357395, 0.08286778197496367, 0.0582037645980312, 0.03450752849674353, 0.03151392728720848, 0.035903315730759944]
