x: [0, 1, 2, 3, 4, 5, 6, 7, 8, 9, 10, 11, 12, 13, 14, 15, 16, 17, 18, 19, 20, 21]
y_for_approach: [0.06959641337420398, 0.2632448512132458, 0.44938096253573595, 0.566798084510636, 0.6547890689221934, 0.6953967029750353, 0.7878784612076203, 0.8522606226849847, 0.01522587021666429, 0.015377861581610542, 0.015714018470917825, 0.01634358996514585, 0.01641083484673945, 0.016404555198411372, 0.016240938053260184, 0.016117823417139028, 0.015513740607159047, 0.010750493093781958, 0.017269260644614072, 0.03355527816888021, 0.01532045644897911, 0.015600720191811801]
y_for_rotation: [0.3079729105955779, 0.2546742596739333, 0.18960416542076286, 0.14402716973522656, 0.11599813056105877, 0.10199562862730249, 0.0704566960352481, 0.04955037872776832, 0.9046612280334932, 0.9678743696226432, 0.9600204477858085, 0.9464106791161877, 0.932820226885956, 0.9377624218228837, 0.9378497187824546, 0.9541791743209967, 0.9781905110880762, 0.9871898234015459, 0.35040624826725447, 0.15283895818776283, 0.0328785751996198, 0.0366224115945303]
y_for_insertion: [0.3258073987969668, 0.25163676962682335, 0.18628315238543675, 0.14781594533858103, 0.11694809031581221, 0.1031495580987641, 0.07236923382087157, 0.050159287714621005, 0.050210270322123225, 0.010967072285114569, 0.016715493530921242, 0.0258642522300692, 0.03589112433697382, 0.03208535573919911, 0.03180923892222217, 0.02041820850585646, 0.003726092850960965, 0.0010171251061863531, 0.35924437800863557, 0.16900567026927696, 0.4754696775662858, 0.8203480685908723]
y_for_mating: [0.2966232772332515, 0.2304441194859975, 0.17473171965806403, 0.14135880041555632, 0.11226471020093569, 0.099458110298898, 0.06929560893626037, 0.04802971087262615, 0.02990263142771902, 0.0057806965106315025, 0.007550040212352425, 0.01138147868859751, 0.014877813930330696, 0.013747667239505672, 0.014100104242063155, 0.009284793756007903, 0.002569655453803736, 0.0010425583984856252, 0.27308011307949565, 0.64460009337408, 0.4763312907851155, 0.12742879962278567]
