x: [0, 1, 2, 3, 4, 5, 6, 7, 8, 9, 10, 11, 12, 13, 14, 15, 16, 17, 18, 19, 20, 21]
y_for_approach: [0.07159388369398399, 0.26314480149819197, 0.44069394158416353, 0.5549642200165005, 0.642267246269176, 0.6802618446547696, 0.719502071685154, 0.875364815511996, 0.015082381979508853, 0.01532461837449749, 0.015280113334327486, 0.01523997754534271, 0.015334372995227705, 0.015269068004464748, 0.01530249989160929, 0.015292767578717763, 0.015791690669015222, 0.015749747933412214, 0.015492502638697921, 0.027271377289398834, 0.01527824775065409, 0.015483525133643842]
y_for_rotation: [0.27659287903121843, 0.2290706252207256, 0.1750345645210855, 0.13508662095341484, 0.11005948634875164, 0.09828743839075908, 0.08574245666083136, 0.03862541404671697, 0.8502499188684166, 0.9253152903614655, 0.8454418073660185, 0.8615773354221822, 0.8734503954965734, 0.9005685345040139, 0.9135265140232642, 0.9096462383578664, 0.8653990006041721, 0.8442720191829174, 0.04009553460602295, 0.1279074279216806, 0.03650225088702331, 0.03515157191951074]
y_for_insertion: [0.3369311672307742, 0.26144959202184703, 0.19611233826097596, 0.15688626393566246, 0.12518200987747, 0.11177630681752102, 0.09815722923069081, 0.043563260944775146, 0.07143586394549592, 0.039140810821676995, 0.08117859513245719, 0.07075057342356794, 0.07004018764393985, 0.05174672723041274, 0.04582654498213575, 0.04821938165494775, 0.07403266677737241, 0.08581636970991305, 0.4601427095589486, 0.15240618458181945, 0.4731904899727176, 0.8218780881919737]
y_for_mating: [0.3148820700440236, 0.2463349812592353, 0.18815915563377472, 0.1530628950944224, 0.1224912575046024, 0.10967441013695048, 0.09659824242332393, 0.04244650949651154, 0.06323183520657844, 0.020219280442360113, 0.058099484167196604, 0.05243211360890687, 0.04117504386425917, 0.032415670261108906, 0.02534444110299059, 0.02684161240846828, 0.04477664194944028, 0.0541618631737575, 0.48426925319633063, 0.6924150102071008, 0.47502901138960485, 0.12748681475487159]
