x: [0, 1, 2, 3, 4, 5, 6, 7, 8, 9, 10, 11, 12, 13, 14, 15, 16, 17, 18, 19, 20, 21]
y_for_approach: [0.07159388369398399, 0.26314480149819197, 0.44069394158416353, 0.5549642200165005, 0.642267246269176, 0.6802618446547696, 0.719502071685154, 0.8794280177048428, 0.015737474252761736, 0.01564104402490371, 0.01623804678611252, 0.01896171571515391, 0.01998657569935707, 0.018022125532735474, 0.01732583583091364, 0.01682371427398193, 0.01617022568794521, 0.016069266299821375, 0.015371398943279385, 0.015271533323702884, 0.015308311042771089, 0.01552792175366108]
y_for_rotation: [0.27659287903121843, 0.2290706252207256, 0.1750345645210855, 0.13508662095341484, 0.11005948634875164, 0.09828743839075908, 0.08574245666083136, 0.03734053813330455, 0.6738741140830747, 0.7673738233831908, 0.8884263374738952, 0.6439913526565212, 0.6586872768541097, 0.8161801798586314, 0.8763758628439368, 0.9109050374104528, 0.9212913196588975, 0.92723032987338, 0.050088009347624377, 0.18250783885274266, 0.04865711619084237, 0.0552904500205468]
y_for_insertion: [0.3369311672307742, 0.26144959202184703, 0.19611233826097596, 0.15688626393566246, 0.12518200987747, 0.11177630681752102, 0.09815722923069081, 0.042151037198089714, 0.12298721666509581, 0.12872868369612175, 0.06419081513126228, 0.22113758587119303, 0.2219168767415391, 0.11227719562844098, 0.07206011907883837, 0.04896963602242591, 0.0416986406023809, 0.03747698025302238, 0.46567258695113073, 0.4054883223526921, 0.4657208373110018, 0.46292546730290796]
y_for_mating: [0.3148820700440236, 0.2463349812592353, 0.18815915563377472, 0.1530628950944224, 0.1224912575046024, 0.10967441013695048, 0.09659824242332393, 0.041080406963763, 0.18740119499906766, 0.08825644889578371, 0.031144800608730264, 0.11590934575713167, 0.09940927070499446, 0.05352049898019202, 0.03423818224631127, 0.0233016122931392, 0.020839814050776163, 0.019223423573775864, 0.4688680047579653, 0.39673230547086213, 0.47031373545538474, 0.46625616092288386]
