x: [0, 1, 2, 3, 4, 5, 6, 7, 8, 9, 10, 11, 12, 13, 14, 15, 16, 17, 18, 19, 20]
y_for_success: [0.06522399772759654, 0.0011468582406694732, 0.00017712119823253488, 5.948444740773969e-05, 2.7967881888066105e-05, 1.7614783716966257e-05, 1.334810130276337e-05, 0.0013655747742644991, 0.012365646611841353, 0.11730321557210165, 0.3336229254393289, 0.5491751185909403, 0.7460420278690638, 0.8359718664941732, 0.8983204722787593, 0.9255892031608284, 0.9456094226543774, 0.9584815510653742, 0.9585352179016219, 0.9630535717676787, 0.9531335678318582]
y_for_failure: [0.9347760022724034, 0.9988531417593305, 0.9998228788017676, 0.9999405155525923, 0.999972032118112, 0.999982385216283, 0.9999866518986973, 0.9986344252257355, 0.9876343533881586, 0.8826967844278983, 0.666377074560671, 0.45082488140905974, 0.2539579721309363, 0.16402813350582687, 0.10167952772124068, 0.07441079683917178, 0.05439057734562272, 0.041518448934625536, 0.04146478209837803, 0.036946428232321214, 0.046866432168141695]
