x: [0, 1, 2, 3, 4, 5, 6, 7, 8, 9, 10, 11, 12, 13, 14, 15, 16, 17, 18, 19, 20, 21]
y_for_approach: [0.06959641337420398, 0.2632448512132458, 0.44938096253573595, 0.566798084510636, 0.6547890689221934, 0.6953967029750353, 0.7878784612076203, 0.8712065567631714, 0.015503543097263688, 0.01571464413372504, 0.0158227939817524, 0.015762796483676005, 0.015860788849810837, 0.01577501629713266, 0.015411008345853966, 0.015925141043796377, 0.015272151795890448, 0.01074367906592755, 0.015230624573295411, 0.019277622182842093, 0.015343813214454284, 0.016150015603186883]
y_for_rotation: [0.3079729105955779, 0.2546742596739333, 0.18960416542076286, 0.14402716973522656, 0.11599813056105877, 0.10199562862730249, 0.0704566960352481, 0.04380606792370435, 0.3721748844640158, 0.8178343024952759, 0.8502027835195165, 0.8285411751873052, 0.8640190675744299, 0.812171939220105, 0.8821129403894196, 0.8874716837370896, 0.976667008058506, 0.9872118478121639, 0.06593871950013927, 0.07778705730288608, 0.03266369624408693, 0.046007840569855796]
y_for_insertion: [0.3258073987969668, 0.25163676962682335, 0.18628315238543675, 0.14781594533858103, 0.11694809031581221, 0.1031495580987641, 0.07236923382087157, 0.04345807042547816, 0.2851708289904979, 0.10828447564864263, 0.08827894104887314, 0.10011666997913456, 0.07792828625349578, 0.10600864144405556, 0.06375063216914051, 0.0632010549846402, 0.005072690229355444, 0.0010087905858412176, 0.4562404053745557, 0.1327702053298455, 0.4757206306056771, 0.810235231361241]
y_for_mating: [0.2966232772332515, 0.2304441194859975, 0.17473171965806403, 0.14135880041555632, 0.11226471020093569, 0.099458110298898, 0.06929560893626037, 0.04152930488764588, 0.3271507434482227, 0.05816657772235624, 0.04569548144985774, 0.055579358349884596, 0.04219185732226353, 0.06604440303870697, 0.03872541909558575, 0.03340212023447381, 0.0029881499162478496, 0.001035682536067317, 0.4625902505520096, 0.7701651151844264, 0.4762718599357818, 0.12760691246571618]
