x: [0, 1, 2, 3, 4, 5, 6, 7, 8, 9, 10, 11, 12, 13, 14, 15, 16, 17, 18, 19, 20]
y_for_success: [0.06045295245872534, 0.0011690381076656768, 0.0001918240405722798, 6.710304555792115e-05, 3.247538241747363e-05, 2.0650552566069822e-05, 1.4155956646926932e-05, 0.0006172055559472742, 0.010364806395666556, 0.044003739903109546, 0.2227477443397935, 0.5209518084144245, 0.6720073595162959, 0.7607999806618919, 0.8478022979991453, 0.9053959369473579, 0.9005043832065933, 0.9216394841228566, 0.9495109410176628, 0.9564908238627203, 0.9999999983937073]
y_for_failure: [0.9395470475412746, 0.9988309618923342, 0.9998081759594277, 0.9999328969544422, 0.9999675246175825, 0.9999793494474339, 0.9999858440433531, 0.9993827944440529, 0.9896351936043334, 0.9559962600968905, 0.7772522556602065, 0.47904819158557554, 0.32799264048370413, 0.2392000193381081, 0.15219770200085467, 0.09460406305264196, 0.09949561679340668, 0.07836051587714347, 0.05048905898233713, 0.04350917613727964, 1.6062925833097103e-09]
