x: [0, 1, 2, 3, 4, 5, 6, 7, 8, 9, 10, 11, 12, 13, 14, 15, 16, 17, 18, 19, 20, 21]
y_for_approach: [0.07159388369398399, 0.26314480149819197, 0.44069394158416353, 0.5549642200165005, 0.642267246269176, 0.6802618446547696, 0.719502071685154, 0.8766368964674438, 0.015062508882620205, 0.015886103144554752, 0.01584527760238171, 0.017377352654363472, 0.01600487143869862, 0.01586007102927004, 0.01589251586498959, 0.016423332524899963, 0.015686611236340638, 0.010732894055483187, 0.015140931472892862, 0.015355040763233976, 0.015332289553823038, 0.016865851629432976]
y_for_rotation: [0.27659287903121843, 0.2290706252207256, 0.1750345645210855, 0.13508662095341484, 0.11005948634875164, 0.09828743839075908, 0.08574245666083136, 0.03822301962105554, 0.4382086393144949, 0.7980865042280758, 0.8629380430350808, 0.5973944145950757, 0.7276337834033066, 0.7794799685969542, 0.7506816528411088, 0.6911271097290297, 0.9504969963940549, 0.9872233593480619, 0.16993221942567843, 0.08297544279766729, 0.04505538692373096, 0.056419485590713504]
y_for_insertion: [0.3369311672307742, 0.26144959202184703, 0.19611233826097596, 0.15688626393566246, 0.12518200987747, 0.11177630681752102, 0.09815722923069081, 0.043107678542407636, 0.2827129912267006, 0.13160228413636543, 0.08424624010043748, 0.24374344202531834, 0.16342558652391986, 0.1302100687780486, 0.14328188699570063, 0.18837082236038624, 0.022681135055257134, 0.001008205292438137, 0.40675257712201546, 0.4462411485038563, 0.4687162038852414, 0.7979928953032295]
y_for_mating: [0.3148820700440236, 0.2463349812592353, 0.18815915563377472, 0.1530628950944224, 0.1224912575046024, 0.10967441013695048, 0.09659824242332393, 0.042032405369093126, 0.2640158605761843, 0.0544251084910039, 0.03697043926210007, 0.141484790725242, 0.09293575863407491, 0.07444989159572711, 0.09014394429820109, 0.10407873538568392, 0.011135257314347419, 0.0010355413040169918, 0.4081742719794131, 0.4554283679352427, 0.47089611963720446, 0.1287217674766243]
