x: [0, 1, 2, 3, 4, 5, 6, 7, 8, 9, 10, 11, 12, 13, 14, 15, 16, 17, 18, 19, 20]
y_for_success: [0.06522399772759654, 0.0011468582406694732, 0.00017712119823253488, 5.948444740773969e-05, 2.7967881888066105e-05, 1.7614783716966257e-05, 1.1836898174466788e-05, 0.0005573290773574297, 0.0061926407886069195, 0.04741817229913105, 0.19609003019257806, 0.5730991816207522, 0.7363546125395133, 0.8369317787856969, 0.8814251907637688, 0.927662775728831, 0.9473995836119296, 0.963198509058028, 0.9700755709790911, 0.9691159476004344, 0.9700206591927272]
y_for_failure: [0.9347760022724034, 0.9988531417593305, 0.9998228788017676, 0.9999405155525923, 0.999972032118112, 0.999982385216283, 0.9999881631018256, 0.9994426709226425, 0.9938073592113932, 0.952581827700869, 0.8039099698074219, 0.42690081837924776, 0.2636453874604866, 0.16306822121430298, 0.11857480923623125, 0.07233722427116875, 0.05260041638807028, 0.03680149094197193, 0.029924429020908846, 0.030884052399565747, 0.029979340807272697]
