x: [0, 1, 2, 3, 4, 5, 6, 7, 8, 9, 10, 11, 12, 13, 14, 15, 16, 17, 18, 19, 20, 21]
y_for_approach: [0.07159388369398399, 0.26314480149819197, 0.44069394158416353, 0.5549642200165005, 0.642267246269176, 0.6802618446547696, 0.719502071685154, 0.8750857949399216, 0.01544469135150823, 0.015323047838745916, 0.016418314828135393, 0.015751121681357158, 0.01589809446655606, 0.015965326947683867, 0.015782604090826588, 0.015799219140091594, 0.015807726811718843, 0.015853827451284164, 0.015064111706507833, 0.015229160959901764, 0.015404299872084526, 0.015371819548843941]
y_for_rotation: [0.27659287903121843, 0.2290706252207256, 0.1750345645210855, 0.13508662095341484, 0.11005948634875164, 0.09828743839075908, 0.08574245666083136, 0.038635196991151546, 0.09268525514401334, 0.20178729367694428, 0.6562600801987711, 0.7510022891794766, 0.7057211468207805, 0.7632884049281193, 0.8254786779057477, 0.7966356768062904, 0.8742158656962853, 0.8122853147835668, 0.22175970125125039, 0.03005183301473787, 0.03677006778222238, 0.0349950627233225]
y_for_insertion: [0.3369311672307742, 0.26144959202184703, 0.19611233826097596, 0.15688626393566246, 0.12518200987747, 0.11177630681752102, 0.09815722923069081, 0.0436971266262293, 0.44003595964159414, 0.37977516013734813, 0.20654075849609538, 0.14648981125431976, 0.17224273894214875, 0.14727588234078487, 0.11089633041880165, 0.12202058824929558, 0.07613825450617301, 0.11528499517142926, 0.37309220280465505, 0.13012302117176833, 0.4742935562888486, 0.4748181278469894]
y_for_mating: [0.3148820700440236, 0.2463349812592353, 0.18815915563377472, 0.1530628950944224, 0.1224912575046024, 0.10967441013695048, 0.09659824242332393, 0.04258188144269733, 0.45183409386288453, 0.4031144983469616, 0.12078084647699824, 0.0867567778848463, 0.10613801977051503, 0.073470385783412, 0.047842387584623856, 0.06554451580432225, 0.033838152985822906, 0.0565758625937199, 0.3900839842375867, 0.8245959848535919, 0.47353207605684455, 0.474814989880844]
