x: [0, 1, 2, 3, 4, 5, 6, 7, 8, 9, 10, 11, 12, 13, 14, 15, 16, 17, 18, 19]
y_for_success: [0.06522399772759654, 0.0011468582406694732, 0.00017712119823253488, 5.948444740773969e-05, 2.7967881888066105e-05, 1.7614783716966257e-05, 1.1836898174466788e-05, 0.0003290988403701499, 0.006118504295075585, 0.05816556774706676, 0.2351903599993146, 0.5464514304036455, 0.6608870642573487, 0.7475238845283247, 0.8182374051040356, 0.8669082175787842, 0.9194382888867808, 0.9472010740855163, 0.9518370946576429, 0.9693423147675033]
y_for_failure: [0.9347760022724034, 0.9988531417593305, 0.9998228788017676, 0.9999405155525923, 0.999972032118112, 0.999982385216283, 0.9999881631018256, 0.9996709011596299, 0.9938814957049246, 0.9418344322529333, 0.7648096400006854, 0.45354856959635437, 0.3391129357426511, 0.2524761154716753, 0.18176259489596433, 0.13309178242121594, 0.08056171111321905, 0.052798925914483624, 0.04816290534235714, 0.030657685232496897]
