x: [0, 1, 2, 3, 4, 5, 6, 7, 8, 9, 10, 11, 12, 13, 14, 15, 16, 17, 18, 19, 20, 21]
y_for_success: [0.06045295245872534, 0.0011690381076656768, 0.0001918240405722798, 6.710304555792115e-05, 3.247538241747363e-05, 2.0650552566069822e-05, 1.4155956646926932e-05, 0.0004439310848130343, 0.005301711714388109, 0.0289794499447691, 0.1444458760729324, 0.3597734432369642, 0.5783639231019672, 0.722103252175182, 0.8048630980030516, 0.8865443396773875, 0.9106826804223764, 0.9343957356463783, 0.9663198903427912, 0.9612052994190499, 0.9478546786168347, 0.9999999984060093]
y_for_failure: [0.9395470475412746, 0.9988309618923342, 0.9998081759594277, 0.9999328969544422, 0.9999675246175825, 0.9999793494474339, 0.9999858440433531, 0.9995560689151871, 0.994698288285612, 0.9710205500552308, 0.8555541239270675, 0.6402265567630359, 0.4216360768980329, 0.277896747824818, 0.1951369019969486, 0.1134556603226127, 0.08931731957762358, 0.06560426435362163, 0.03368010965720865, 0.03879470058095015, 0.052145321383165494, 1.593990650064121e-09]
