x: [0, 1, 2, 3, 4, 5, 6, 7, 8, 9, 10, 11, 12, 13, 14, 15, 16, 17, 18, 19, 20, 21, 22]
y_for_approach: [0.06959641337420398, 0.2632448512132458, 0.44938096253573595, 0.566798084510636, 0.6547890689221934, 0.6953967029750353, 0.7338672233551432, 0.8729776418689424, 0.01614980892242131, 0.01548372030107681, 0.01571523907560403, 0.01567341613286971, 0.015666933900532542, 0.0156748019518046, 0.0157135877059958, 0.015779919113223437, 0.01533426810127159, 0.01533011355174747, 0.015145505573176368, 0.01511964576128813, 0.015109414092905706, 0.024273517060746166, 0.015296246757339645]
y_for_rotation: [0.3079729105955779, 0.2546742596739333, 0.18960416542076286, 0.14402716973522656, 0.11599813056105877, 0.10199562862730249, 0.08842513178479983, 0.04089009293607561, 0.5946016952833872, 0.7300131666024421, 0.8567818195993864, 0.8368111079843344, 0.8881750225476286, 0.8171497252873483, 0.8579765900694233, 0.918390084700138, 0.8734083125780088, 0.8705703086238226, 0.5516853080519225, 0.09493716156286737, 0.205863747989714, 0.11257700283850261, 0.03954239583703986]
y_for_insertion: [0.3258073987969668, 0.25163676962682335, 0.18628315238543675, 0.14781594533858103, 0.11694809031581221, 0.1031495580987641, 0.09028068355324283, 0.04370624503319561, 0.1547064192504529, 0.14677687660528016, 0.0808885150400706, 0.08819044027837918, 0.0657568246591352, 0.1015261436512659, 0.08450706803414497, 0.04518982072575998, 0.0688926658217346, 0.06939386754321034, 0.23049101246981038, 0.44290179620371034, 0.3873065427206417, 0.14463323289318028, 0.4722226127672931]
y_for_mating: [0.2966232772332515, 0.2304441194859975, 0.17473171965806403, 0.14135880041555632, 0.11226471020093569, 0.099458110298898, 0.08742696130681445, 0.04242602016178648, 0.23454207654373865, 0.10772623649120068, 0.04661442628493901, 0.059325035604416765, 0.03040121889270359, 0.06564932910958142, 0.04180275419043582, 0.02064017546087868, 0.042364753498985504, 0.04470571028121944, 0.20267817390509119, 0.44704139647213387, 0.3917202951967387, 0.7185162472075712, 0.4729387446383271]
