x: [0, 1, 2, 3, 4, 5, 6, 7, 8, 9, 10, 11, 12, 13, 14, 15, 16, 17, 18, 19]
y_for_success: [0.06522399772759654, 0.0011468582406694732, 0.00017712119823253488, 5.948444740773969e-05, 2.7967881888066105e-05, 1.7614783716966257e-05, 1.1836898174466788e-05, 0.0008833751285761394, 0.006261270102573367, 0.06018527999392166, 0.23441000066086187, 0.5728602926349546, 0.8039196468696211, 0.8339807797716579, 0.8693692790675616, 0.9185847391358765, 0.9386768196193075, 0.9598408226925071, 0.9604080821890859, 0.9999999984187007]
y_for_failure: [0.9347760022724034, 0.9988531417593305, 0.9998228788017676, 0.9999405155525923, 0.999972032118112, 0.999982385216283, 0.9999881631018256, 0.9991166248714238, 0.9937387298974265, 0.9398147200060782, 0.7655899993391381, 0.4271397073650453, 0.196080353130379, 0.16601922022834215, 0.1306307209324384, 0.08141526086412358, 0.06132318038069271, 0.04015917730749304, 0.03959191781091405, 1.5812992835640942e-09]
