x: [0, 1, 2, 3, 4, 5, 6, 7, 8, 9, 10, 11, 12, 13, 14, 15, 16, 17, 18, 19, 20, 21]
y_for_approach: [0.06959641337420398, 0.2632448512132458, 0.44938096253573595, 0.566798084510636, 0.6547890689221934, 0.6953967029750353, 0.7338672233551432, 0.8916917181922221, 0.015373694392224024, 0.015175539247002861, 0.015728881660843064, 0.015836252724198824, 0.01574518051621274, 0.015737225203538322, 0.015903196105186507, 0.015519557683637646, 0.015209656201273085, 0.010735315289071663, 0.01558159642311694, 0.015870699994870386, 0.01532730330883292, 0.01526304849315492]
y_for_rotation: [0.3079729105955779, 0.2546742596739333, 0.18960416542076286, 0.14402716973522656, 0.11599813056105877, 0.10199562862730249, 0.08842513178479983, 0.03642197490915209, 0.9585002411160957, 0.9229759699071295, 0.7543999283251029, 0.8270661864029863, 0.8253604127478849, 0.86555601511535, 0.9098223405833488, 0.9279487468095126, 0.9803249081800844, 0.9872178633894304, 0.1051885219689451, 0.15695760034120929, 0.03540939522621171, 0.04322551265273694]
y_for_insertion: [0.3258073987969668, 0.25163676962682335, 0.18628315238543675, 0.14781594533858103, 0.11694809031581221, 0.1031495580987641, 0.09028068355324283, 0.03668414929819848, 0.017444324175088705, 0.033565507681049246, 0.1341815274396569, 0.09137862020946691, 0.08936903882165455, 0.07877504087743663, 0.05238884138573802, 0.03730808900249855, 0.002460461975596312, 0.0010075450112837913, 0.4383621232236078, 0.4227474750552161, 0.4738032882248556, 0.46879067177088857]
y_for_mating: [0.2966232772332515, 0.2304441194859975, 0.17473171965806403, 0.14135880041555632, 0.11226471020093569, 0.099458110298898, 0.08742696130681445, 0.03520215760042717, 0.008681740316591522, 0.028282983164818316, 0.09568966257439729, 0.06571894066334763, 0.06952536791424811, 0.039931718803675124, 0.021885621925726743, 0.01922360650435116, 0.0020049736430458936, 0.0010392763102141753, 0.4408677583843304, 0.40442422460870425, 0.4754600132400999, 0.47272076708321936]
