x: [0, 1, 2, 3, 4, 5, 6, 7, 8, 9, 10, 11, 12, 13, 14, 15, 16, 17, 18, 19, 20]
y_for_success: [0.06045295245872534, 0.0011690381076656768, 0.0001918240405722798, 6.710304555792115e-05, 3.247538241747363e-05, 2.0650552566069822e-05, 1.4155956646926932e-05, 0.00035152163019846875, 0.004803580251053825, 0.01767456855989809, 0.06137155475645587, 0.13648042655134532, 0.23118773653105593, 0.3886019077118706, 0.591793496945881, 0.7530448530242682, 0.8210897706974111, 0.9011182760973931, 0.9545342822485117, 0.9690651339775721, 0.9999999984077268]
y_for_failure: [0.9395470475412746, 0.9988309618923342, 0.9998081759594277, 0.9999328969544422, 0.9999675246175825, 0.9999793494474339, 0.9999858440433531, 0.9996484783698016, 0.9951964197489462, 0.9823254314401018, 0.9386284452435439, 0.8635195734486547, 0.7688122634689438, 0.6113980922881294, 0.408206503054119, 0.24695514697573193, 0.17891022930258896, 0.09888172390260697, 0.04546571775148836, 0.030934866022427853, 1.5922731258562271e-09]
