x: [0, 1, 2, 3, 4, 5, 6, 7, 8, 9, 10, 11, 12, 13, 14, 15, 16, 17, 18, 19, 20, 21]
y_for_approach: [0.06959641337420398, 0.2632448512132458, 0.44938096253573595, 0.566798084510636, 0.6547890689221934, 0.6953967029750353, 0.7338672233551432, 0.8943653729147815, 0.015491044894539688, 0.01603078824432431, 0.015154687581351587, 0.015134948705896859, 0.015180113525201624, 0.01521316562632211, 0.015842388932252243, 0.015191378641886367, 0.01522896921878555, 0.01074203297035335, 0.015207640605272658, 0.015431133674942988, 0.015353101475475701, 0.015296034441974679]
y_for_rotation: [0.3079729105955779, 0.2546742596739333, 0.18960416542076286, 0.14402716973522656, 0.11599813056105877, 0.10199562862730249, 0.08842513178479983, 0.03579534240296293, 0.5943526316152378, 0.15159191821103654, 0.3136044522327762, 0.33976585245729246, 0.35471204520288085, 0.6187483761643484, 0.6604481691551036, 0.5394853883356785, 0.8614332911260565, 0.9872185408433433, 0.02936241794635891, 0.11258715396797304, 0.03660819387243577, 0.04676693329389797]
y_for_insertion: [0.3258073987969668, 0.25163676962682335, 0.18628315238543675, 0.14781594533858103, 0.11694809031581221, 0.1031495580987641, 0.09028068355324283, 0.03568694170469792, 0.1705207201988849, 0.39999346346868486, 0.33005830131267133, 0.3271275276578775, 0.32216454210467194, 0.1949234194398505, 0.18951246056023724, 0.2346174041165132, 0.07154382929274182, 0.001009269796835684, 0.4697797837690793, 0.43840300202465693, 0.4735595237384805, 0.4671153442404635]
y_for_mating: [0.2966232772332515, 0.2304441194859975, 0.17473171965806403, 0.14135880041555632, 0.11226471020093569, 0.099458110298898, 0.08742696130681445, 0.03415234297755784, 0.2196356032913377, 0.43238383007595393, 0.34118255887320087, 0.31797167117893294, 0.30794329916724583, 0.17111503876947917, 0.13419698135240693, 0.2107058289059218, 0.051793910362416075, 0.0010301563894673656, 0.48565015767928943, 0.43357871033242706, 0.4744791809136083, 0.4708216880236637]
