x: [0, 1, 2, 3, 4, 5, 6, 7, 8, 9, 10, 11, 12, 13, 14, 15, 16, 17, 18, 19, 20, 21]
y_for_approach: [0.06959641337420398, 0.2632448512132458, 0.44938096253573595, 0.566798084510636, 0.6547890689221934, 0.6953967029750353, 0.7338672233551432, 0.8868916650598011, 0.015191614115202961, 0.01554764857789232, 0.01609767611587764, 0.016070218000767363, 0.017296254365882304, 0.015951773537222123, 0.016023433667021345, 0.016037682583051712, 0.015959988455556188, 0.01601048722055875, 0.015507464261545572, 0.01528494061907327, 0.015348957040686761, 0.01611042006931015]
y_for_rotation: [0.3079729105955779, 0.2546742596739333, 0.18960416542076286, 0.14402716973522656, 0.11599813056105877, 0.10199562862730249, 0.08842513178479983, 0.037491259104972974, 0.8901347702428043, 0.8428099893018738, 0.7583285103339372, 0.7212484525990474, 0.5435921676540181, 0.8973052684586995, 0.8859191127996269, 0.8707894736585116, 0.8262433559027189, 0.8655511755856397, 0.06880717939687613, 0.11844380443489036, 0.033204102410614014, 0.04516725577302226]
y_for_insertion: [0.3258073987969668, 0.25163676962682335, 0.18628315238543675, 0.14781594533858103, 0.11694809031581221, 0.1031495580987641, 0.09028068355324283, 0.03849025851174021, 0.061070955721441916, 0.06465569811559194, 0.14708606115037254, 0.16159227569059567, 0.27024198621830137, 0.05921398296870094, 0.06448699459648632, 0.07314604955731648, 0.10010387227563693, 0.07769819657392989, 0.45427382492058466, 0.42666101790185124, 0.4750445370794987, 0.811146437416834]
y_for_mating: [0.2966232772332515, 0.2304441194859975, 0.17473171965806403, 0.14135880041555632, 0.11226471020093569, 0.099458110298898, 0.08742696130681445, 0.037126817323485585, 0.03360265992055054, 0.07698666400464199, 0.07848775239981247, 0.10108905370958968, 0.1688695917617984, 0.027528975035377434, 0.03357045893686562, 0.04002679420112021, 0.05769278336608803, 0.04074014061987169, 0.46141153142099334, 0.43961023704418506, 0.47640240346920104, 0.12757588674083392]
