x: [0, 1, 2, 3, 4, 5, 6, 7, 8, 9, 10, 11, 12, 13, 14, 15, 16, 17, 18, 19, 20]
y_for_success: [0.06045295245872534, 0.0011690381076656768, 0.0001918240405722798, 6.710304555792115e-05, 3.247538241747363e-05, 2.0650552566069822e-05, 1.4155956646926932e-05, 0.0004791157078159122, 0.007754995566736648, 0.05557456192919594, 0.2910372962823743, 0.5597754076544057, 0.7569440517211288, 0.8455120116268294, 0.904475092107393, 0.9373321260415797, 0.9588944520525025, 0.9689745490794518, 0.9787645933226113, 0.9777680869409934, 0.9787488727433693]
y_for_failure: [0.9395470475412746, 0.9988309618923342, 0.9998081759594277, 0.9999328969544422, 0.9999675246175825, 0.9999793494474339, 0.9999858440433531, 0.9995208842921842, 0.9922450044332632, 0.9444254380708041, 0.7089627037176257, 0.44022459234559425, 0.24305594827887145, 0.1544879883731705, 0.09552490789260705, 0.06266787395842048, 0.04110554794749764, 0.03102545092054821, 0.021235406677388505, 0.02223191305900672, 0.02125112725663083]
