x: [0, 1, 2, 3, 4, 5, 6, 7, 8, 9, 10, 11, 12, 13, 14, 15, 16, 17, 18, 19, 20]
y_for_success: [0.06045295245872534, 0.0011690381076656768, 0.0001918240405722798, 6.710304555792115e-05, 3.247538241747363e-05, 2.0650552566069822e-05, 1.4155956646926932e-05, 0.0005396260924201327, 0.009213761155607285, 0.04903285947021718, 0.12441038585115807, 0.19927593396300536, 0.3556273667441363, 0.543182746773599, 0.6179466801671957, 0.7720336410815265, 0.8478008560442878, 0.8825765179764812, 0.9479259328924988, 0.9553092769213263, 0.9696889697523992]
y_for_failure: [0.9395470475412746, 0.9988309618923342, 0.9998081759594277, 0.9999328969544422, 0.9999675246175825, 0.9999793494474339, 0.9999858440433531, 0.9994603739075799, 0.9907862388443927, 0.9509671405297827, 0.8755896141488417, 0.8007240660369949, 0.6443726332558637, 0.456817253226401, 0.38205331983280416, 0.22796635891847353, 0.15219914395571207, 0.11742348202351884, 0.05207406710750128, 0.044690723078673826, 0.030311030247600818]
