x: [0, 1, 2, 3, 4, 5, 6, 7, 8, 9, 10, 11, 12, 13, 14, 15, 16, 17, 18, 19]
y_for_success: [0.06522399772759654, 0.0011468582406694732, 0.00017712119823253488, 5.948444740773969e-05, 2.7967881888066105e-05, 1.7614783716966257e-05, 1.1836898174466788e-05, 0.0010177633585912674, 0.00978997216281888, 0.05246892750995051, 0.3318389381170532, 0.5581304884688443, 0.7066531507295716, 0.7364702910000136, 0.7701291101666815, 0.8369584643284524, 0.8789513476483286, 0.855384580268745, 0.9073690536737175, 0.9999999984075078]
y_for_failure: [0.9347760022724034, 0.9988531417593305, 0.9998228788017676, 0.9999405155525923, 0.999972032118112, 0.999982385216283, 0.9999881631018256, 0.9989822366414086, 0.9902100278371812, 0.9475310724900495, 0.6681610618829469, 0.4418695115311558, 0.29334684927042864, 0.26352970899998635, 0.22987088983331858, 0.1630415356715476, 0.12104865235167131, 0.14461541973125497, 0.09263094632628273, 1.592492198509775e-09]
