x: [0, 1, 2, 3, 4, 5, 6, 7, 8, 9, 10, 11, 12, 13, 14, 15, 16, 17, 18, 19, 20, 21, 22, 23, 24]
y_for_approach: [0.06959641337420398, 0.2632448512132458, 0.44938096253573595, 0.566798084510636, 0.6547890689221934, 0.6953967029750353, 0.7338672233551432, 0.8879269115002981, 0.015545227665399357, 0.01525335350327424, 0.015604532313314767, 0.016519954982980613, 0.01607953791938136, 0.015960884778433538, 0.015623242207263301, 0.01584325859732692, 0.015373040251773855, 0.010737702135272123, 0.015835262891033663, 0.015494425158288984, 0.015531283944795917, 0.016236517677748294, 0.015168866066073964, 0.015284727360656673, 0.0157827080704594]
y_for_rotation: [0.3079729105955779, 0.2546742596739333, 0.18960416542076286, 0.14402716973522656, 0.11599813056105877, 0.10199562862730249, 0.08842513178479983, 0.03735998678298891, 0.48168318544397687, 0.3313676104290794, 0.542207595509257, 0.518681378724227, 0.6138731647070419, 0.4301013561433152, 0.6773510033647103, 0.6189376478692244, 0.9593959586581049, 0.9872248833976927, 0.10257295309357739, 0.0899832806030173, 0.03640561077128058, 0.04685986595241149, 0.06664830529145963, 0.03419474887312535, 0.04104895976456003]
y_for_insertion: [0.3258073987969668, 0.25163676962682335, 0.18628315238543675, 0.14781594533858103, 0.11694809031581221, 0.1031495580987641, 0.09028068355324283, 0.038048357468165386, 0.2269648566689556, 0.3384396081677163, 0.24581689803735257, 0.2737410005604713, 0.2133260160168162, 0.30613330636156527, 0.17385868785784359, 0.2041071497797488, 0.017370290005315592, 0.0010049296027380096, 0.4446133600698471, 0.4478227599719881, 0.2894377465174154, 0.12785096369792473, 0.45599168921502253, 0.6848595611470748, 0.8149868710955687]
y_for_mating: [0.2966232772332515, 0.2304441194859975, 0.17473171965806403, 0.14135880041555632, 0.11226471020093569, 0.099458110298898, 0.08742696130681445, 0.03666474424854739, 0.27580673022166824, 0.31493942789993024, 0.19637097414007576, 0.19105766573232116, 0.1567212813567607, 0.2478044527166858, 0.13316706657018273, 0.16111194375369978, 0.007860711084805813, 0.0010324848642974055, 0.4369784239455418, 0.44669953426670567, 0.6586253587665079, 0.8090526526719153, 0.46219113942744405, 0.2656609626191432, 0.12818146106941183]
