x: [0, 1, 2, 3, 4, 5, 6, 7, 8, 9, 10, 11, 12, 13, 14, 15, 16, 17, 18, 19, 20, 21, 22]
y_for_approach: [0.06959641337420398, 0.2632448512132458, 0.44938096253573595, 0.566798084510636, 0.6547890689221934, 0.6953967029750353, 0.7338672233551432, 0.8913667861727733, 0.018109233317350905, 0.015021005284397744, 0.0156610428951119, 0.015196164735945207, 0.01517801833015199, 0.01571849955360455, 0.01582705587800193, 0.015502533453322117, 0.015533250093611827, 0.015540938706066109, 0.015267362764315942, 0.01520589967984214, 0.015186308547496197, 0.0154367825004453, 0.015432110665940251]
y_for_rotation: [0.3079729105955779, 0.2546742596739333, 0.18960416542076286, 0.14402716973522656, 0.11599813056105877, 0.10199562862730249, 0.08842513178479983, 0.03686027656078706, 0.26914528234430196, 0.4104006343237898, 0.8145403791075339, 0.5124488815345288, 0.5463106372954077, 0.6628085438717648, 0.6666309304578902, 0.7526034406857031, 0.7298541432873114, 0.7242037417175683, 0.07136933989743018, 0.1779549773991366, 0.17784945711617506, 0.049325251439716354, 0.048718447575797255]
y_for_insertion: [0.3258073987969668, 0.25163676962682335, 0.18628315238543675, 0.14781594533858103, 0.11694809031581221, 0.1031495580987641, 0.09028068355324283, 0.03669139062846809, 0.31090594766875046, 0.2821634526295971, 0.09007340048686173, 0.24893226000898666, 0.22775963265295765, 0.1833884245584022, 0.1850218298350482, 0.1263531093816768, 0.14479125373483395, 0.14888194394708404, 0.45337902942509284, 0.39963218467262396, 0.403297314850279, 0.4665751768109538, 0.46694123904167634]
y_for_mating: [0.2966232772332515, 0.2304441194859975, 0.17473171965806403, 0.14135880041555632, 0.11226471020093569, 0.099458110298898, 0.08742696130681445, 0.03508154663797192, 0.4018395366695968, 0.29241490776221535, 0.07972517751049267, 0.22342269372053933, 0.21075171172148272, 0.13808453201622864, 0.13252018382905947, 0.10554091647929773, 0.10982135288424272, 0.11137337562928172, 0.4599842679131612, 0.40720693824839715, 0.40366691948605, 0.46866278924888466, 0.4689082027165863]
