x: [0, 1, 2, 3, 4, 5, 6, 7, 8, 9, 10, 11, 12, 13, 14, 15, 16, 17, 18, 19, 20]
y_for_approach: [0.06883874921495198, 0.25669983954645126, 0.4384402050332036, 0.5554067787013315, 0.6427140149709135, 0.683700446467699, 0.7228057020732694, 0.8716531386730063, 0.015238979218649461, 0.016900050761085215, 0.015439032803341397, 0.015581029196258969, 0.015916420828123046, 0.015697375287209794, 0.01577202857724946, 0.015860096259335456, 0.015654316217213346, 0.01586495981413084, 0.015142307716276046, 0.015288075877222808, 0.015004542609966134]
y_for_rotation: [0.272368188571607, 0.23039796188504008, 0.1761020599285812, 0.13538921954657865, 0.11025825336547673, 0.09749086647505446, 0.08495560605258876, 0.03941128624718055, 0.9249311193021714, 0.5780819841338517, 0.8778778580205993, 0.9046607680605905, 0.8493559771001598, 0.7779721952560984, 0.7015272837910299, 0.7172941111475384, 0.6954241012595422, 0.6293156815804457, 0.10900842775984687, 0.026234206744099986, 0.026015546500873652]
y_for_insertion: [0.3406441293630219, 0.2643209349288114, 0.19686961579547607, 0.1566119929013487, 0.12493173043753623, 0.1104872130661769, 0.09692549018694728, 0.04500916288887565, 0.03688898040724576, 0.2443852227722859, 0.06336857126311325, 0.049506591933680455, 0.08698074778564202, 0.11923427945212149, 0.16737195903827218, 0.16334261189156932, 0.1641321007911103, 0.19814797649002708, 0.43679314574481054, 0.12718695028466148, 0.8300072930157091]
y_for_mating: [0.3181489328504194, 0.24858126363969724, 0.18858811924273922, 0.1525920088507411, 0.12209600122607349, 0.10832147399106931, 0.09531320168719401, 0.043926412190937396, 0.02294092107193325, 0.1606327423327772, 0.04331453791294591, 0.03025161080947028, 0.04774685428607494, 0.0870961500045704, 0.11532872859344852, 0.10350318070155705, 0.1247894817321343, 0.15667138211539644, 0.43905611877906653, 0.8312907670940157, 0.12897261787345085]
