x: [0, 1, 2, 3, 4, 5, 6, 7, 8, 9, 10, 11, 12, 13, 14, 15, 16, 17, 18, 19, 20, 21, 22, 23, 24]
y_for_approach: [0.07159388369398399, 0.26314480149819197, 0.44069394158416353, 0.5549642200165005, 0.642267246269176, 0.6802618446547696, 0.719502071685154, 0.874246315222935, 0.01508301134959245, 0.01597478513393577, 0.016325180136121806, 0.016124809929584233, 0.016179182614349443, 0.015975407143116255, 0.015994554373898958, 0.01588445195209889, 0.015462628676164764, 0.010755175770843867, 0.015495458647235208, 0.016045948103821622, 0.015283250158843695, 0.01527308585304941, 0.015307264819219313, 0.015306931041945526, 0.015614787031090385]
y_for_rotation: [0.27659287903121843, 0.2290706252207256, 0.1750345645210855, 0.13508662095341484, 0.11005948634875164, 0.09828743839075908, 0.08574245666083136, 0.03883107248323654, 0.5703622076171894, 0.7993528058852039, 0.8313345937776905, 0.9315172292497479, 0.918166085688194, 0.939118117657863, 0.9134587725422457, 0.9434111723835915, 0.9721159906670944, 0.9871903846262691, 0.07963414448240023, 0.2933416527613815, 0.0895622757707427, 0.06578145646069482, 0.03127188848327562, 0.03368647398722624, 0.037093060771160064]
y_for_insertion: [0.3369311672307742, 0.26144959202184703, 0.19611233826097596, 0.15688626393566246, 0.12518200987747, 0.11177630681752102, 0.09815722923069081, 0.04400901138693947, 0.2191478565650485, 0.12603249358531923, 0.10102356295940157, 0.03705082018046764, 0.04473575278848643, 0.03035558012816654, 0.05040041257722475, 0.027364944551170098, 0.008280101956968586, 0.0010118187720126778, 0.45102589604623106, 0.3684046016336939, 0.4435069661471404, 0.4562729848567306, 0.4757374392516386, 0.7399108686189445, 0.8201942809518566]
y_for_mating: [0.3148820700440236, 0.2463349812592353, 0.18815915563377472, 0.1530628950944224, 0.1224912575046024, 0.10967441013695048, 0.09659824242332393, 0.0429136009068887, 0.1954069244681697, 0.05863991539554131, 0.05131666312678598, 0.015307140640200258, 0.02091897890897008, 0.014550895070854303, 0.02014626050663056, 0.013339431113139486, 0.004141278699772096, 0.0010426208308741455, 0.45384450082413363, 0.32220779750110323, 0.4516475079232733, 0.46267247282952517, 0.4776834074458666, 0.2110957263518836, 0.12709787124589303]
