x: [0, 1, 2, 3, 4, 5, 6, 7, 8, 9, 10, 11, 12, 13, 14, 15, 16, 17, 18, 19, 20]
y_for_approach: [0.07159388369398399, 0.26314480149819197, 0.44069394158416353, 0.5549642200165005, 0.642267246269176, 0.6802618446547696, 0.719502071685154, 0.8716541247924012, 0.01560522865148324, 0.015201856735577246, 0.01602854592320028, 0.01605365994532937, 0.015997412448289127, 0.015936735434258033, 0.015763795487578728, 0.01573906072406198, 0.015825087040517705, 0.015826043498089255, 0.015246647971789673, 0.01556092818264106, 0.03302868585662645]
y_for_rotation: [0.27659287903121843, 0.2290706252207256, 0.1750345645210855, 0.13508662095341484, 0.11005948634875164, 0.09828743839075908, 0.08574245666083136, 0.03957004231286193, 0.11859553835895761, 0.2743629149040248, 0.5716331793600363, 0.48905552474579833, 0.6479406970882513, 0.681138694232268, 0.6918698308587118, 0.707067323305775, 0.6635516302133063, 0.6578578534931746, 0.04111373466591631, 0.03564762594205807, 0.1511775388094517]
y_for_insertion: [0.3369311672307742, 0.26144959202184703, 0.19611233826097596, 0.15688626393566246, 0.12518200987747, 0.11177630681752102, 0.09815722923069081, 0.04493432199217744, 0.42490617660052027, 0.35503979409011094, 0.23881243152981182, 0.27930408649151, 0.197525125700646, 0.1812719744366744, 0.16961254698184222, 0.16419987653279094, 0.1828896941599287, 0.18628782650137676, 0.4697229780239555, 0.1276153078537272, 0.6480013934969356]
y_for_mating: [0.3148820700440236, 0.2463349812592353, 0.18815915563377472, 0.1530628950944224, 0.1224912575046024, 0.10967441013695048, 0.09659824242332393, 0.04384151090255908, 0.44089305638903864, 0.355395434270287, 0.1735258431869513, 0.21558672881736277, 0.13853676476281368, 0.12165259589679958, 0.12275382667186724, 0.11299373943737227, 0.13773358858624707, 0.1400282765073595, 0.4739166393383386, 0.8211761380215732, 0.16779238183698636]
