x: [0, 1, 2, 3, 4, 5, 6, 7, 8, 9, 10, 11, 12, 13, 14, 15, 16, 17, 18, 19, 20]
y_for_success: [0.06522399772759654, 0.0011468582406694732, 0.00017712119823253488, 5.948444740773969e-05, 2.7967881888066105e-05, 1.7614783716966257e-05, 1.1836898174466788e-05, 0.0006888839115818416, 0.011863420874387591, 0.07683509772105752, 0.19759153509626096, 0.46580713302723126, 0.6146597435142591, 0.7645821054413766, 0.806946841873338, 0.8441848849473261, 0.8854889372974363, 0.9195917491596144, 0.9567133999386103, 0.9705266156605294, 0.9696881623594305]
y_for_failure: [0.9347760022724034, 0.9988531417593305, 0.9998228788017676, 0.9999405155525923, 0.999972032118112, 0.999982385216283, 0.9999881631018256, 0.9993111160884182, 0.9881365791256124, 0.9231649022789424, 0.8024084649037388, 0.5341928669727688, 0.3853402564857409, 0.23541789455862328, 0.19305315812666202, 0.15581511505267404, 0.11451106270256373, 0.08040825084038582, 0.043286600061389686, 0.029473384339470592, 0.03031183764056943]
