x: [0, 1, 2, 3, 4, 5, 6, 7, 8, 9, 10, 11, 12, 13, 14, 15, 16, 17, 18, 19, 20]
y_for_success: [0.06522399772759654, 0.0011468582406694732, 0.00017712119823253488, 5.948444740773969e-05, 2.7967881888066105e-05, 1.7614783716966257e-05, 1.1836898174466788e-05, 0.0010411102073215074, 0.009549027204933412, 0.04377505045373562, 0.197392427473794, 0.48915721806869583, 0.6945192421290313, 0.7745113237297232, 0.8917852875294763, 0.9275490695914484, 0.9393749548764524, 0.9610194148081687, 0.9702070000815052, 0.9670530029116234, 0.9999999984215205]
y_for_failure: [0.9347760022724034, 0.9988531417593305, 0.9998228788017676, 0.9999405155525923, 0.999972032118112, 0.999982385216283, 0.9999881631018256, 0.9989588897926784, 0.9904509727950667, 0.9562249495462644, 0.802607572526206, 0.5108427819313043, 0.30548075787096896, 0.2254886762702768, 0.10821471247052379, 0.0724509304085515, 0.06062504512354769, 0.03898058519183147, 0.029792999918494784, 0.03294699708837665, 1.5784794409252587e-09]
