x: [0, 1, 2, 3, 4, 5, 6, 7, 8, 9, 10, 11, 12, 13, 14, 15, 16, 17, 18, 19]
y_for_success: [0.06522399772759654, 0.0011468582406694732, 0.00017712119823253488, 5.948444740773969e-05, 2.7967881888066105e-05, 1.7614783716966257e-05, 1.1836898174466788e-05, 0.000381675850782986, 0.004286629202323224, 0.037144019361876675, 0.18473374758336902, 0.4335252271408926, 0.6493527484242153, 0.7122974430817525, 0.8145583168094672, 0.8774019208450556, 0.8971484486741671, 0.9146246923239758, 0.9512075553344195, 0.9676349723887918]
y_for_failure: [0.9347760022724034, 0.9988531417593305, 0.9998228788017676, 0.9999405155525923, 0.999972032118112, 0.999982385216283, 0.9999881631018256, 0.9996183241492169, 0.9957133707976769, 0.9628559806381234, 0.815266252416631, 0.5664747728591073, 0.35064725157578475, 0.2877025569182476, 0.18544168319053292, 0.12259807915494425, 0.10285155132583292, 0.08537530767602451, 0.048792444665580297, 0.032365027611208075]
