x: [0, 1, 2, 3, 4, 5, 6, 7, 8, 9, 10, 11, 12, 13, 14, 15, 16, 17, 18, 19, 20, 21]
y_for_success: [0.06522399772759654, 0.0011468582406694732, 0.00017712119823253488, 5.948444740773969e-05, 2.7967881888066105e-05, 1.7614783716966257e-05, 1.1836898174466788e-05, 0.0007022805590569445, 0.012406055540219011, 0.1096091074604689, 0.30473456237343993, 0.5854839872016666, 0.7749257085061227, 0.8534011794384944, 0.8640053664926877, 0.9085786791936811, 0.9306076947601996, 0.9499632492335811, 0.9600800106677103, 0.9701742490522928, 0.9432151110969863, 0.9346406319437909]
y_for_failure: [0.9347760022724034, 0.9988531417593305, 0.9998228788017676, 0.9999405155525923, 0.999972032118112, 0.999982385216283, 0.9999881631018256, 0.9992977194409431, 0.987593944459781, 0.8903908925395313, 0.6952654376265599, 0.4145160127983335, 0.2250742914938772, 0.1465988205615058, 0.13599463350731253, 0.09142132080631876, 0.06939230523980064, 0.05003675076641885, 0.03991998933228955, 0.02982575094770721, 0.05678488890301389, 0.06535936805620911]
