x: [0, 1, 2, 3, 4, 5, 6, 7, 8, 9, 10, 11, 12, 13, 14, 15, 16, 17, 18, 19, 20, 21, 22]
y_for_approach: [0.06959641337420398, 0.2632448512132458, 0.44938096253573595, 0.566798084510636, 0.6547890689221934, 0.6953967029750353, 0.7338672233551432, 0.8878056843294907, 0.015414421771927587, 0.01527757732425292, 0.015651381998161303, 0.015549019808166935, 0.01592884311414533, 0.015868424735455633, 0.01583100916539789, 0.015365859744186508, 0.015078197850839572, 0.010722285351563391, 0.015253429249036079, 0.01501446076422311, 0.01552766861344795, 0.016668468147938764, 0.017397615689904354]
y_for_rotation: [0.3079729105955779, 0.2546742596739333, 0.18960416542076286, 0.14402716973522656, 0.11599813056105877, 0.10199562862730249, 0.08842513178479983, 0.03702307314524715, 0.9612569220689191, 0.8862868558762248, 0.9509627783299156, 0.9330469613524629, 0.8917330388184598, 0.880945509384915, 0.8639242113080929, 0.9015595725194198, 0.9804489837537522, 0.9872405915393051, 0.0487703542553755, 0.020191297091019675, 0.05078563736385576, 0.05391218813822952, 0.061232681098176485]
y_for_insertion: [0.3258073987969668, 0.25163676962682335, 0.18628315238543675, 0.14781594533858103, 0.11694809031581221, 0.1031495580987641, 0.09028068355324283, 0.03822885408868303, 0.014697427078037402, 0.05739340339754299, 0.022887970294613837, 0.03425597548066424, 0.06065686855109981, 0.06635912964213325, 0.07870362565765573, 0.05448376366671094, 0.0024729948814948303, 0.001005505836495223, 0.46585009812859884, 0.12806654686548932, 0.4651020031383444, 0.7153405149077375, 0.7919299224615992]
y_for_mating: [0.2966232772332515, 0.2304441194859975, 0.17473171965806403, 0.14135880041555632, 0.11226471020093569, 0.099458110298898, 0.08742696130681445, 0.036942388436579286, 0.008631229081115974, 0.04104216340197912, 0.010497869377309423, 0.017148043358706323, 0.03168124951629503, 0.036826936237496014, 0.04154115386885343, 0.028590804069682715, 0.0019998235139132405, 0.001031617272636212, 0.47012611836698937, 0.8367276952792677, 0.46858469088435173, 0.214078828806094, 0.12943978075032025]
