x: [0, 1, 2, 3, 4, 5, 6, 7, 8, 9, 10, 11, 12, 13, 14, 15, 16, 17, 18, 19, 20, 21, 22]
y_for_approach: [0.06959641337420398, 0.2632448512132458, 0.44938096253573595, 0.566798084510636, 0.6547890689221934, 0.6953967029750353, 0.7338672233551432, 0.8863063139518781, 0.015670210105375944, 0.01564548341098323, 0.015398170587475469, 0.015266893712385496, 0.015849654712423045, 0.01575241123841793, 0.015752177677402116, 0.015797957075496635, 0.015757390157877974, 0.015838039819509726, 0.015305423382262718, 0.015091886861970076, 0.016696080887463945, 0.01591613167945132, 0.01640052055623131]
y_for_rotation: [0.3079729105955779, 0.2546742596739333, 0.18960416542076286, 0.14402716973522656, 0.11599813056105877, 0.10199562862730249, 0.08842513178479983, 0.037805506041060866, 0.7911660828943998, 0.2091583058798572, 0.247514976521886, 0.5337495937801179, 0.6244472356781797, 0.7673256389825515, 0.8244700968408212, 0.8574797001518728, 0.8592574166955438, 0.9054654717397687, 0.027519905943384642, 0.022185590723524513, 0.10447624722361315, 0.04480128046696733, 0.049999759974825905]
y_for_insertion: [0.3258073987969668, 0.25163676962682335, 0.18628315238543675, 0.14781594533858103, 0.11694809031581221, 0.1031495580987641, 0.09028068355324283, 0.03866620685659392, 0.10222784942808684, 0.372653500511556, 0.35482583653220107, 0.23862366080625436, 0.1981153448307255, 0.1348217878041117, 0.1085959125140438, 0.08375533522628534, 0.0850145276446839, 0.05320008577639312, 0.47877799595903153, 0.12750357754562153, 0.4265804780739864, 0.7069569256586788, 0.8056137445969211]
y_for_mating: [0.2966232772332515, 0.2304441194859975, 0.17473171965806403, 0.14135880041555632, 0.11226471020093569, 0.099458110298898, 0.08742696130681445, 0.03722197315046702, 0.09093585757213764, 0.4025427101976036, 0.3822610163584375, 0.21235985170124227, 0.1615877647786716, 0.08210016197491866, 0.05118181296773348, 0.04296700754634555, 0.039970665501894535, 0.025496402664328267, 0.4783966747153211, 0.8352189448688844, 0.45224719381493633, 0.2323256621949027, 0.12798597487202154]
