x: [0, 1, 2, 3, 4, 5, 6, 7, 8, 9, 10, 11, 12, 13, 14, 15, 16, 17, 18, 19, 20]
y_for_success: [0.06522399772759654, 0.0011468582406694732, 0.00017712119823253488, 5.948444740773969e-05, 2.7967881888066105e-05, 1.7614783716966257e-05, 1.1836898174466788e-05, 0.0006290836294769945, 0.0054530977911909015, 0.037554382716119605, 0.2683307623957725, 0.6100384085719583, 0.7889839482938318, 0.7889859501065002, 0.8785132902577879, 0.9208454255876064, 0.9488825434160336, 0.9582168202927771, 0.965319991814431, 0.9703620900868047, 0.9518685281093999]
y_for_failure: [0.9347760022724034, 0.9988531417593305, 0.9998228788017676, 0.9999405155525923, 0.999972032118112, 0.999982385216283, 0.9999881631018256, 0.9993709163705229, 0.9945469022088091, 0.9624456172838803, 0.7316692376042275, 0.3899615914280417, 0.21101605170616827, 0.21101404989349984, 0.1214867097422122, 0.07915457441239354, 0.0511174565839663, 0.04178317970722281, 0.03468000818556913, 0.02963790991319504, 0.0481314718906001]
