x: [0, 1, 2, 3, 4, 5, 6, 7, 8, 9, 10, 11, 12, 13, 14, 15, 16, 17, 18, 19, 20, 21]
y_for_success: [0.06522399772759654, 0.0011468582406694732, 0.00017712119823253488, 5.948444740773969e-05, 2.7967881888066105e-05, 1.7614783716966257e-05, 1.1836898174466788e-05, 0.0007074377723248756, 0.011869801507201476, 0.08635093961259249, 0.33794261283113636, 0.6548601920349006, 0.8042424284513037, 0.8624671444507778, 0.8930906070182859, 0.9059558513176654, 0.9343614365258486, 0.9540353571052057, 0.962320610623319, 0.9695428840730056, 0.9547305498805213, 0.9585649514848068]
y_for_failure: [0.9347760022724034, 0.9988531417593305, 0.9998228788017676, 0.9999405155525923, 0.999972032118112, 0.999982385216283, 0.9999881631018256, 0.9992925622276753, 0.9881301984927986, 0.9136490603874073, 0.6620573871688636, 0.3451398079650991, 0.19575757154869622, 0.13753285554922226, 0.1069093929817139, 0.09404414868233468, 0.06563856347415137, 0.04596464289479424, 0.03767938937668104, 0.030457115926994165, 0.045269450119478666, 0.04143504851519302]
