x: [0, 1, 2, 3, 4, 5, 6, 7, 8, 9, 10, 11, 12, 13, 14, 15, 16, 17, 18, 19, 20]
y_for_success: [0.06522399772759654, 0.0011468582406694732, 0.00017712119823253488, 5.948444740773969e-05, 2.7967881888066105e-05, 1.7614783716966257e-05, 1.1836898174466788e-05, 0.0006066626886609072, 0.0064950920682454215, 0.06393533410994545, 0.290819035749175, 0.45139923338806054, 0.6446257554993176, 0.7784852849176569, 0.827088344056894, 0.8994244515347102, 0.9083929674399632, 0.9407592213786462, 0.9576970776475138, 0.9720050887676221, 0.9999999984238271]
y_for_failure: [0.9347760022724034, 0.9988531417593305, 0.9998228788017676, 0.9999405155525923, 0.999972032118112, 0.999982385216283, 0.9999881631018256, 0.9993933373113392, 0.9935049079317546, 0.9360646658900547, 0.709180964250825, 0.5486007666119396, 0.3553742445006825, 0.221514715082343, 0.17291165594310606, 0.10057554846528968, 0.09160703256003676, 0.059240778621353796, 0.04230292235248608, 0.027994911232377778, 1.57617277383064e-09]
