x: [0, 1, 2, 3, 4, 5, 6, 7, 8, 9, 10, 11, 12, 13, 14, 15, 16, 17, 18, 19, 20, 21]
y_for_approach: [0.06198427957273683, 0.2401985104815108, 0.4247318703193209, 0.5435664054030724, 0.6405371404315509, 0.6829752512393266, 0.7226760474591946, 0.8711307183887392, 0.015396537895671495, 0.015908020479112453, 0.01578822516027152, 0.015134327806371658, 0.01574894991217113, 0.015689149975105197, 0.015776369095120202, 0.01562475525658787, 0.01529723868455518, 0.010741280789053748, 0.015614377086127744, 0.015621491257288787, 0.015852005320767623, 0.017148028570761593]
y_for_rotation: [0.2745436746782405, 0.25380377066576915, 0.1947722607417649, 0.14910979505667005, 0.11964108702644513, 0.10531818069745491, 0.0915105153650754, 0.041945525199728634, 0.44439467372383173, 0.2918220779148137, 0.5002957376529011, 0.4709274125721117, 0.6560326798968504, 0.5412202782217054, 0.6362229521555213, 0.7469918060150874, 0.9120694715371777, 0.9872189930078665, 0.11841471622670165, 0.03660880478355865, 0.04819032009264379, 0.05988620705829849]
y_for_insertion: [0.3475591567972249, 0.2651964768384032, 0.19676034801048664, 0.15718004233087776, 0.12247109358780887, 0.10784559201665733, 0.0944419542538624, 0.04421005733125252, 0.29100695590388764, 0.3218026280759655, 0.2691270528300233, 0.25964200813093474, 0.1875136775350328, 0.2476284325967685, 0.19457913268282492, 0.13967401075594973, 0.04848024399594848, 0.0010063760772079037, 0.42277998911055836, 0.12728299467017093, 0.4697328696936229, 0.7937976262252819]
y_for_mating: [0.31591288895179787, 0.24080124201431652, 0.18373552092842754, 0.15014375720937975, 0.11735067895419501, 0.10386097604656137, 0.09137148292186745, 0.04271369908027981, 0.24920183247660907, 0.3704672735301087, 0.214788984356804, 0.2542962514905815, 0.14070469265594562, 0.19546213920642067, 0.15342154606653363, 0.09770942797237497, 0.024153045782318805, 0.001033350125871669, 0.44319091757661205, 0.8204867092889819, 0.4662248048929656, 0.1291681381456579]
