x: [0, 1, 2, 3, 4, 5, 6, 7, 8, 9, 10, 11, 12, 13, 14, 15, 16, 17, 18, 19, 20, 21]
y_for_approach: [0.06959641337420398, 0.2632448512132458, 0.44938096253573595, 0.566798084510636, 0.6547890689221934, 0.6953967029750353, 0.7338672233551432, 0.8869424012021979, 0.015408798982060766, 0.01591433052691671, 0.015595649147989167, 0.015622937127748981, 0.015494223546011692, 0.015526958948961389, 0.01580043231073689, 0.01564747443255646, 0.01524624673551145, 0.010751891079706201, 0.015031450438384854, 0.015173157403819908, 0.015344172975587496, 0.015351951247721676]
y_for_rotation: [0.3079729105955779, 0.2546742596739333, 0.18960416542076286, 0.14402716973522656, 0.11599813056105877, 0.10199562862730249, 0.08842513178479983, 0.037467461743693496, 0.4391882349910486, 0.8906000554499923, 0.95855996581632, 0.9562817677314964, 0.9703746171248742, 0.9717176688793128, 0.9508468575409726, 0.9580351538011137, 0.9798294073094729, 0.9871965256425222, 0.2837114427448949, 0.06718338442993262, 0.03465877214744591, 0.03251526634934893]
y_for_insertion: [0.3258073987969668, 0.25163676962682335, 0.18628315238543675, 0.14781594533858103, 0.11694809031581221, 0.1031495580987641, 0.09028068355324283, 0.0384794727373176, 0.25526427695261245, 0.06503932022018427, 0.018293009006791386, 0.02013464280250721, 0.009501849256851746, 0.00861586993496783, 0.021514239340058135, 0.0180756875521346, 0.0027953716239919224, 0.0010114719139371906, 0.3545005418724192, 0.4557225039299937, 0.47519087031454255, 0.47578905306357955]
y_for_mating: [0.2966232772332515, 0.2304441194859975, 0.17473171965806403, 0.14135880041555632, 0.11226471020093569, 0.099458110298898, 0.08742696130681445, 0.03711066431679099, 0.29013868907427814, 0.02844629380290664, 0.007551376028899396, 0.007960652338247361, 0.004629310072262438, 0.004139502236758014, 0.011838470808232554, 0.008241684214195442, 0.0021289743310236252, 0.001040111363834489, 0.346756564944301, 0.461920954236254, 0.47480618456242407, 0.4763437293393499]
