x: [0, 1, 2, 3, 4, 5, 6, 7, 8, 9, 10, 11, 12, 13, 14, 15, 16, 17, 18, 19, 20, 21]
y_for_success: [0.06522399772759654, 0.0011468582406694732, 0.00017712119823253488, 5.948444740773969e-05, 2.7967881888066105e-05, 1.7614783716966257e-05, 1.1836898174466788e-05, 0.0004581373418213766, 0.00455835911282031, 0.04723546089116895, 0.16074631211493698, 0.40913863187452293, 0.6974862197952668, 0.7804188653985887, 0.860507145924921, 0.9232381271599189, 0.917017299432935, 0.9437716576081704, 0.9622988669968812, 0.9521164445080608, 0.9349716286048494, 0.9282698037593763]
y_for_failure: [0.9347760022724034, 0.9988531417593305, 0.9998228788017676, 0.9999405155525923, 0.999972032118112, 0.999982385216283, 0.9999881631018256, 0.9995418626581787, 0.9954416408871797, 0.952764539108831, 0.8392536878850633, 0.5908613681254771, 0.30251378020473313, 0.21958113460141118, 0.13949285407507891, 0.0767618728400811, 0.082982700567065, 0.05622834239182961, 0.03770113300311884, 0.04788355549193909, 0.06502837139515077, 0.07173019624062378]
