x: [0, 1, 2, 3, 4, 5, 6, 7, 8, 9, 10, 11, 12, 13, 14, 15, 16, 17, 18, 19]
y_for_success: [0.07515973080969093, 0.0013220749593600466, 0.0001985168407269958, 6.457051953626115e-05, 2.912118842694048e-05, 1.8248346677339886e-05, 1.2261380756145634e-05, 0.0006744428298417312, 0.008094018167403511, 0.058856473691680074, 0.2653154152113896, 0.5172025807650668, 0.7085215174377075, 0.8142275784056052, 0.8458229689114214, 0.9008884311221393, 0.9197000406185027, 0.9369780455464014, 0.9450981544104529, 0.9556245681016358]
y_for_failure: [0.9248402691903091, 0.9986779250406401, 0.999801483159273, 0.9999354294804637, 0.999970878811573, 0.9999817516533227, 0.999987738619244, 0.9993255571701583, 0.9919059818325964, 0.9411435263083198, 0.7346845847886103, 0.4827974192349334, 0.29147848256229253, 0.1857724215943947, 0.15417703108857878, 0.09911156887786071, 0.08029995938149737, 0.06302195445359868, 0.054901845589547325, 0.044375431898364286]
