x: [0, 1, 2, 3, 4, 5, 6, 7, 8, 9, 10, 11, 12, 13, 14, 15, 16, 17, 18, 19, 20, 21]
y_for_approach: [0.06959641337420398, 0.2632448512132458, 0.44938096253573595, 0.566798084510636, 0.6547890689221934, 0.6953967029750353, 0.7338672233551432, 0.8934585871872359, 0.015031712328637611, 0.015734882649676804, 0.015824914309953843, 0.015773010958077427, 0.01570104237178678, 0.01579020832314571, 0.015679527616817457, 0.015706508196809257, 0.015788452643283032, 0.015875105433555404, 0.015248086972271481, 0.015259750730607454, 0.01531082227014013, 0.015452671619559342]
y_for_rotation: [0.3079729105955779, 0.2546742596739333, 0.18960416542076286, 0.14402716973522656, 0.11599813056105877, 0.10199562862730249, 0.08842513178479983, 0.035834258516074656, 0.8045507520607317, 0.9041698512235469, 0.9245320650271234, 0.9411309939988262, 0.9516468864615071, 0.9411145806905844, 0.9491545793652881, 0.9482988830118932, 0.9338509030154508, 0.9064373509139529, 0.038744626970409236, 0.04335049498232369, 0.045242507065068376, 0.04489919133255934]
y_for_insertion: [0.3258073987969668, 0.25163676962682335, 0.18628315238543675, 0.14781594533858103, 0.11694809031581221, 0.1031495580987641, 0.09028068355324283, 0.03608756064500154, 0.07797974235005736, 0.05782869759503962, 0.042370890943217804, 0.029859043605571175, 0.020602443084637757, 0.027834634716334607, 0.022606930369492625, 0.023707964233719955, 0.0344092998705374, 0.05247582361514812, 0.4708880683227599, 0.4682048187062833, 0.4684701130615273, 0.46991283158500247]
y_for_mating: [0.2966232772332515, 0.2304441194859975, 0.17473171965806403, 0.14135880041555632, 0.11226471020093569, 0.099458110298898, 0.08742696130681445, 0.034619593651687916, 0.10243779326057326, 0.02226656853173655, 0.01727212971970502, 0.013236951437525008, 0.01204962808206848, 0.015260576269935417, 0.012558962648401657, 0.012286644557577674, 0.015951344470728886, 0.025211720037343347, 0.47511921773455956, 0.47318493558078567, 0.4709765576032641, 0.4697353054628788]
