x: [0, 1, 2, 3, 4, 5, 6, 7, 8, 9, 10, 11, 12, 13, 14, 15, 16, 17, 18, 19]
y_for_success: [0.06522399772759654, 0.0011468582406694732, 0.00017712119823253488, 5.948444740773969e-05, 2.7967881888066105e-05, 1.7614783716966257e-05, 1.1836898174466788e-05, 0.0009122028712491067, 0.003689280001456787, 0.055678624857047054, 0.307856622315349, 0.5885248071133101, 0.7853326275583415, 0.8479704067407824, 0.8964362964229825, 0.9443681767311229, 0.9598107171036173, 0.9749214605786842, 0.9798123351212423, 0.9999999984067008]
y_for_failure: [0.9347760022724034, 0.9988531417593305, 0.9998228788017676, 0.9999405155525923, 0.999972032118112, 0.999982385216283, 0.9999881631018256, 0.999087797128751, 0.9963107199985433, 0.944321375142953, 0.6921433776846514, 0.4114751928866899, 0.21466737244165843, 0.15202959325921753, 0.1035637035770176, 0.05563182326887697, 0.040189282896382614, 0.025078539421316062, 0.020187664878757623, 1.5932990756150218e-09]
