x: [0, 1, 2, 3, 4, 5, 6, 7, 8, 9, 10, 11, 12, 13, 14, 15, 16, 17, 18, 19, 20]
y_for_approach: [0.06959641337420398, 0.2632448512132458, 0.44938096253573595, 0.566798084510636, 0.6547890689221934, 0.6953967029750353, 0.7338672233551432, 0.863138852124326, 0.01776874094049828, 0.01576566658325296, 0.01551723182115443, 0.015167207341071444, 0.01524704735723272, 0.016610445449659464, 0.017069042680659185, 0.01638235657117811, 0.016400356381864517, 0.01614411684521659, 0.015347494390153543, 0.01537872203442338, 0.02831107300864828]
y_for_rotation: [0.3079729105955779, 0.2546742596739333, 0.18960416542076286, 0.14402716973522656, 0.11599813056105877, 0.10199562862730249, 0.08842513178479983, 0.044082099890678884, 0.46222565590098685, 0.740641789809646, 0.5876964838494171, 0.3997253075217793, 0.42196631261168044, 0.570076690195063, 0.6152139002766371, 0.5149201862198848, 0.4619595013803953, 0.4105201594398005, 0.03734577611289073, 0.04869065287067762, 0.13258323488435428]
y_for_insertion: [0.3258073987969668, 0.25163676962682335, 0.18628315238543675, 0.14781594533858103, 0.11694809031581221, 0.1031495580987641, 0.09028068355324283, 0.04711480098554155, 0.20433266975151929, 0.15070201978677408, 0.22168408204765558, 0.2837045385330714, 0.2902140179578649, 0.2475494448479754, 0.22700803883830598, 0.2670327112657512, 0.29297134122988744, 0.31285979646244616, 0.4732043607455929, 0.46664966607194563, 0.6834206259529817]
y_for_mating: [0.2966232772332515, 0.2304441194859975, 0.17473171965806403, 0.14135880041555632, 0.11226471020093569, 0.099458110298898, 0.08742696130681445, 0.045664246999453414, 0.3156729334069954, 0.09289052382032695, 0.17510220228177295, 0.30140294660407785, 0.27257262207322214, 0.1657634195073021, 0.14070901820439763, 0.2016647459431861, 0.22866880100785297, 0.2604759272525372, 0.47410236875136275, 0.4692809590229533, 0.15568506615401542]
