x: [0, 1, 2, 3, 4, 5, 6, 7, 8, 9, 10, 11, 12, 13, 14, 15, 16, 17, 18, 19, 20]
y_for_success: [0.06522399772759654, 0.0011468582406694732, 0.00017712119823253488, 5.948444740773969e-05, 2.7967881888066105e-05, 1.7614783716966257e-05, 1.1836898174466788e-05, 0.0007022549923766133, 0.005438008528930342, 0.06420423347075514, 0.20727504830831908, 0.5147069951919375, 0.7653298856941353, 0.8502087847642925, 0.871211718194231, 0.924527698813714, 0.9439157836586535, 0.9598171179113355, 0.9640056982464495, 0.9775001901050617, 0.9999999984068784]
y_for_failure: [0.9347760022724034, 0.9988531417593305, 0.9998228788017676, 0.9999405155525923, 0.999972032118112, 0.999982385216283, 0.9999881631018256, 0.9992977450076235, 0.9945619914710696, 0.9357957665292446, 0.7927249516916807, 0.48529300480806253, 0.23467011430586457, 0.14979121523570757, 0.12878828180576896, 0.07547230118628587, 0.05608421634134649, 0.040182882088664454, 0.035994301753550485, 0.02249980989493831, 1.593121569813831e-09]
