x: [0, 1, 2, 3, 4, 5, 6, 7, 8, 9, 10, 11, 12, 13, 14, 15, 16, 17, 18, 19, 20]
y_for_success: [0.06522399772759654, 0.0011468582406694732, 0.00017712119823253488, 5.948444740773969e-05, 2.7967881888066105e-05, 1.7614783716966257e-05, 1.1836898174466788e-05, 0.0008267100558052046, 0.012330321554862833, 0.0655876716134751, 0.18602881049849274, 0.49016678087672355, 0.6751564349153335, 0.7397118614569232, 0.8208255673388568, 0.8822903858916784, 0.8928825445434408, 0.9126543868423733, 0.9407623496898357, 0.9529977491165009, 0.9999999983891614]
y_for_failure: [0.9347760022724034, 0.9988531417593305, 0.9998228788017676, 0.9999405155525923, 0.999972032118112, 0.999982385216283, 0.9999881631018256, 0.9991732899441949, 0.9876696784451373, 0.9344123283865249, 0.8139711895015072, 0.5098332191232765, 0.3248435650846665, 0.2602881385430768, 0.17917443266114316, 0.11770961410832162, 0.10711745545655904, 0.08734561315762658, 0.05923765031016401, 0.04700225088349899, 1.6108385177176774e-09]
