x: [0, 1, 2, 3, 4, 5, 6, 7, 8, 9, 10, 11, 12, 13, 14, 15, 16, 17, 18, 19, 20, 21, 22]
y_for_approach: [0.06959641337420398, 0.2632448512132458, 0.44938096253573595, 0.566798084510636, 0.6547890689221934, 0.6953967029750353, 0.7338672233551432, 0.8924207876919282, 0.015215292453606815, 0.015184324190948948, 0.015696285944638223, 0.015612018526412278, 0.01570717860058205, 0.01569514828510932, 0.015635340814338077, 0.015750186679, 0.015202323229789065, 0.010738977138580918, 0.015585107670719564, 0.014715671396203838, 0.0148782252223605, 0.015480061231989755, 0.017136119964833236]
y_for_rotation: [0.3079729105955779, 0.2546742596739333, 0.18960416542076286, 0.14402716973522656, 0.11599813056105877, 0.10199562862730249, 0.08842513178479983, 0.036052330737242295, 0.8802399315300868, 0.6366765244654427, 0.8176506298443782, 0.8002723166273293, 0.8418793747742119, 0.8292174171980661, 0.7915299662371305, 0.8716118963009686, 0.9732317845402285, 0.9872221816544905, 0.0568699325411427, 0.013582453309207706, 0.017942816240272857, 0.03953829932529317, 0.05936021112656626]
y_for_insertion: [0.3258073987969668, 0.25163676962682335, 0.18628315238543675, 0.14781594533858103, 0.11694809031581221, 0.1031495580987641, 0.09028068355324283, 0.03648018724263503, 0.06379427732411873, 0.1864804770460529, 0.10774498238315518, 0.10497917205643895, 0.09121869622908753, 0.09665432215507182, 0.11803390684403571, 0.07372592203055241, 0.007573383463655925, 0.001006163759674774, 0.46201275706960965, 0.2959632092985516, 0.12959805453031448, 0.4738601548941393, 0.7943877273599004]
y_for_mating: [0.2966232772332515, 0.2304441194859975, 0.17473171965806403, 0.14135880041555632, 0.11226471020093569, 0.099458110298898, 0.08742696130681445, 0.035046694328194364, 0.040750498692187824, 0.16165867429755526, 0.0589081018278286, 0.07913649278981938, 0.05119475039611849, 0.05843311236175253, 0.07480078610449536, 0.038911994989479046, 0.003992508766326384, 0.0010326774472535244, 0.4655322027185281, 0.6757386659960369, 0.8375809040070522, 0.47112148454857744, 0.12911594154869993]
