x: [0, 1, 2, 3, 4, 5, 6, 7, 8, 9, 10, 11, 12, 13, 14, 15, 16, 17, 18, 19]
y_for_success: [0.06045295245872534, 0.0011690381076656768, 0.0001918240405722798, 6.710304555792115e-05, 3.247538241747363e-05, 2.0650552566069822e-05, 1.4155956646926932e-05, 0.0004216764236503317, 0.010030085695223399, 0.0701698026262692, 0.23407453422923147, 0.5725390611424482, 0.6934117121488979, 0.7998445985498515, 0.8401721884434084, 0.8991098184827144, 0.91294723050029, 0.9323675555905998, 0.9466772580236511, 0.950787477491273]
y_for_failure: [0.9395470475412746, 0.9988309618923342, 0.9998081759594277, 0.9999328969544422, 0.9999675246175825, 0.9999793494474339, 0.9999858440433531, 0.9995783235763496, 0.9899699143047765, 0.9298301973737308, 0.7659254657707686, 0.4274609388575517, 0.30658828785110215, 0.20015540145014857, 0.1598278115565915, 0.10089018151728565, 0.08705276949971015, 0.06763244440940017, 0.05332274197634897, 0.04921252250872704]
