x: [0, 1, 2, 3, 4, 5, 6, 7, 8, 9, 10, 11, 12, 13, 14, 15, 16, 17, 18, 19, 20, 21, 22]
y_for_approach: [0.06959641337420398, 0.2632448512132458, 0.44938096253573595, 0.566798084510636, 0.6547890689221934, 0.6953967029750353, 0.7338672233551432, 0.8924469598193032, 0.01521320624309503, 0.015391061601127354, 0.016015702674553482, 0.015719976137516387, 0.015647464943974662, 0.01599906524263621, 0.01586351659504958, 0.015587483199723674, 0.015830938933295537, 0.015475431653808689, 0.015552455431608223, 0.015317360255624706, 0.0153291222597368, 0.015352428493060944, 0.015335744620277845]
y_for_rotation: [0.3079729105955779, 0.2546742596739333, 0.18960416542076286, 0.14402716973522656, 0.11599813056105877, 0.10199562862730249, 0.08842513178479983, 0.036034772230337686, 0.8671540681568426, 0.9192492441162381, 0.9304051004348374, 0.9543864245763084, 0.909910462485037, 0.8071744622234023, 0.8236915052274759, 0.8948714995994698, 0.7884962465028317, 0.8779248217221906, 0.05529261053013964, 0.05767411573676911, 0.0688998601711387, 0.04037646784102019, 0.03848462401477981]
y_for_insertion: [0.3258073987969668, 0.25163676962682335, 0.18628315238543675, 0.14781594533858103, 0.11694809031581221, 0.1031495580987641, 0.09028068355324283, 0.03647286067615849, 0.06014257462321414, 0.036798977411408924, 0.036579239688687926, 0.02082930619505949, 0.0495637827057045, 0.1207893033141771, 0.09804614226613488, 0.05869650459157451, 0.11594892514572462, 0.0657554275133783, 0.46103391748868144, 0.46049002582305876, 0.45453964593631163, 0.4710797261816539, 0.4725495338841783]
y_for_mating: [0.2966232772332515, 0.2304441194859975, 0.17473171965806403, 0.14135880041555632, 0.11226471020093569, 0.099458110298898, 0.08742696130681445, 0.035045407274200364, 0.057490150976848266, 0.028560716871225723, 0.01699995720192132, 0.009064293091115798, 0.02487828986528367, 0.056037169219784314, 0.06239883591133941, 0.03084451260923159, 0.07972388941814812, 0.04084431911062245, 0.4681210165495707, 0.4665184981845476, 0.46123137163281275, 0.4731913774842651, 0.4736300974807643]
