x: [0, 1, 2, 3, 4, 5, 6, 7, 8, 9, 10, 11, 12, 13, 14, 15, 16, 17, 18, 19]
y_for_success: [0.06527581299176854, 0.001248691100411514, 0.00019927229408032887, 6.830507322570965e-05, 3.266159083580018e-05, 2.0772503677853962e-05, 1.4041159192582375e-05, 0.00030325561666602613, 0.004591860085467464, 0.03623758204819963, 0.13010613079243963, 0.3586136798437749, 0.6165429493118688, 0.780943568190887, 0.8436137606975264, 0.8680557260076954, 0.9147278640773346, 0.9412356638566767, 0.9548906384336646, 0.9999999984251345]
y_for_failure: [0.9347241870082313, 0.9987513088995884, 0.9998007277059198, 0.9999316949267743, 0.9999673384091642, 0.9999792274963223, 0.9999859588408074, 0.9996967443833341, 0.9954081399145326, 0.9637624179518004, 0.8698938692075603, 0.641386320156225, 0.3834570506881312, 0.2190564318091131, 0.15638623930247364, 0.13194427399230466, 0.08527213592266525, 0.058764336143323444, 0.045109361566335396, 1.574865416355889e-09]
