x: [0, 1, 2, 3, 4, 5, 6, 7, 8, 9, 10, 11, 12, 13, 14, 15, 16, 17, 18, 19]
y_for_success: [0.06045295245872534, 0.0011690381076656768, 0.0001918240405722798, 6.710304555792115e-05, 3.247538241747363e-05, 2.0650552566069822e-05, 1.4155956646926932e-05, 0.001322436907315168, 0.015932152048567804, 0.07573050179541319, 0.2540254066155061, 0.5407219051639974, 0.7486373980681951, 0.7721504615052819, 0.8476659991525606, 0.9089670660295316, 0.9259416385573452, 0.9434567043872784, 0.9542575538306907, 0.9641725521233866]
y_for_failure: [0.9395470475412746, 0.9988309618923342, 0.9998081759594277, 0.9999328969544422, 0.9999675246175825, 0.9999793494474339, 0.9999858440433531, 0.9986775630926849, 0.9840678479514321, 0.9242694982045867, 0.7459745933844942, 0.45927809483600274, 0.25136260193180493, 0.22784953849471812, 0.15233400084743945, 0.09103293397046824, 0.07405836144265464, 0.056543295612721624, 0.045742446169309385, 0.035827447876613606]
