x: [0, 1, 2, 3, 4, 5, 6, 7, 8, 9, 10, 11, 12, 13, 14, 15, 16, 17, 18, 19, 20, 21]
y_for_approach: [0.06959641337420398, 0.2632448512132458, 0.44938096253573595, 0.566798084510636, 0.6547890689221934, 0.6953967029750353, 0.7338672233551432, 0.8724918992193527, 0.01772168328519594, 0.015136143932684637, 0.016949509234780665, 0.01602310449425427, 0.01573866137544945, 0.015805779824254566, 0.0167925452031232, 0.01608561679090302, 0.015406151185229222, 0.010738882002261687, 0.01520998127230376, 0.015253458050413421, 0.016397344507857986, 0.018592131225260856]
y_for_rotation: [0.3079729105955779, 0.2546742596739333, 0.18960416542076286, 0.14402716973522656, 0.11599813056105877, 0.10199562862730249, 0.08842513178479983, 0.041474988970670014, 0.20153375560066053, 0.4634665708122864, 0.42308183772566316, 0.6635808226915616, 0.6864790436426591, 0.7546635894546647, 0.5798335408856312, 0.7278424630539597, 0.9708547220698873, 0.9872166145661131, 0.069639220401818, 0.04998194113922392, 0.04922416614372075, 0.07450245793703365]
y_for_insertion: [0.3258073987969668, 0.25163676962682335, 0.18628315238543675, 0.14781594533858103, 0.11694809031581221, 0.1031495580987641, 0.09028068355324283, 0.04374780308738495, 0.3561024752277401, 0.2599514109419333, 0.3232247103494905, 0.19266098428659645, 0.17098445692866296, 0.14617294384780216, 0.2402388332803146, 0.1670416808245059, 0.009280562054925523, 0.0010065955652244951, 0.45456116422964166, 0.465288741669984, 0.5752438359057711, 0.7749754981151522]
y_for_mating: [0.2966232772332515, 0.2304441194859975, 0.17473171965806403, 0.14135880041555632, 0.11226471020093569, 0.099458110298898, 0.08742696130681445, 0.04228530872259219, 0.4246420858864032, 0.2614458743130956, 0.23674394269006516, 0.1277350885275878, 0.12679783805322847, 0.08335768687327837, 0.1631350806309311, 0.08903023933063131, 0.004458564689957729, 0.0010379078664005826, 0.46058963409623666, 0.4694758591403785, 0.35913465344265005, 0.13192991272255306]
