x: [0, 1, 2, 3, 4, 5, 6, 7, 8, 9, 10, 11, 12, 13, 14, 15, 16, 17, 18, 19, 20]
y_for_success: [0.06045295245872534, 0.0011690381076656768, 0.0001918240405722798, 6.710304555792115e-05, 3.247538241747363e-05, 2.0650552566069822e-05, 1.4155956646926932e-05, 0.000947205528309807, 0.007943829185009075, 0.0626487643757099, 0.29250989210119777, 0.5926910479658956, 0.7852548402907705, 0.832963818820899, 0.8694856634072952, 0.9159911975801204, 0.9368195060444022, 0.9532622358203745, 0.9664370793219097, 0.9788454897880642, 0.9999999984028602]
y_for_failure: [0.9395470475412746, 0.9988309618923342, 0.9998081759594277, 0.9999328969544422, 0.9999675246175825, 0.9999793494474339, 0.9999858440433531, 0.9990527944716902, 0.9920561708149909, 0.9373512356242901, 0.7074901078988022, 0.4073089520341045, 0.21474515970922928, 0.16703618117910096, 0.13051433659270495, 0.08400880241987983, 0.0631804939555979, 0.046737764179625545, 0.03356292067809037, 0.02115451021193585, 1.5971397436026962e-09]
