x: [0, 1, 2, 3, 4, 5, 6, 7, 8, 9, 10, 11, 12, 13, 14, 15, 16, 17, 18, 19]
y_for_success: [0.06522399772759654, 0.0011468582406694732, 0.00017712119823253488, 5.948444740773969e-05, 2.7967881888066105e-05, 1.7614783716966257e-05, 1.1836898174466788e-05, 0.0012593878868425257, 0.0077672625758916725, 0.05899926141714956, 0.23405781266982706, 0.5177040818310804, 0.7366938769088401, 0.7960252768259157, 0.8746789299849831, 0.9083365829637373, 0.920456560577541, 0.9502095241367, 0.9547613539907635, 0.9556680669287991]
y_for_failure: [0.9347760022724034, 0.9988531417593305, 0.9998228788017676, 0.9999405155525923, 0.999972032118112, 0.999982385216283, 0.9999881631018256, 0.9987406121131575, 0.9922327374241083, 0.9410007385828505, 0.7659421873301728, 0.48229591816891965, 0.26330612309116014, 0.2039747231740842, 0.12532107001501686, 0.09166341703626277, 0.07954343942245898, 0.049790475863300133, 0.0452386460092366, 0.04433193307120077]
