x: [0, 1, 2, 3, 4, 5, 6, 7, 8, 9, 10, 11, 12, 13, 14, 15, 16, 17, 18, 19, 20, 21, 22]
y_for_approach: [0.07159388369398399, 0.26314480149819197, 0.44069394158416353, 0.5549642200165005, 0.642267246269176, 0.6802618446547696, 0.719502071685154, 0.8745001413555081, 0.015097671649148018, 0.015016506321354013, 0.015285764289561113, 0.015791124783177672, 0.015778990496701596, 0.015767640619203153, 0.015246045838711185, 0.015722975823607568, 0.01582586781945698, 0.015682331107167057, 0.017063391976659542, 0.02446888579764954, 0.01757040100490841, 0.015714483229671863, 0.01635819079146202]
y_for_rotation: [0.27659287903121843, 0.2290706252207256, 0.1750345645210855, 0.13508662095341484, 0.11005948634875164, 0.09828743839075908, 0.08574245666083136, 0.03836544030924987, 0.8765143543459105, 0.6276968200150257, 0.8921068252372402, 0.8514454511953953, 0.8525644433836754, 0.8400119348502909, 0.9107515117497841, 0.9301083635732597, 0.8551129959859843, 0.7957946506322062, 0.1293973447083013, 0.11412071535462591, 0.10197537566806972, 0.03862714898332648, 0.04948485005225697]
y_for_insertion: [0.3369311672307742, 0.26144959202184703, 0.19611233826097596, 0.15688626393566246, 0.12518200987747, 0.11177630681752102, 0.09815722923069081, 0.044056930980528854, 0.05412171343191976, 0.16974781880124407, 0.056215492442445836, 0.08205834506913494, 0.08297220145568872, 0.08758644569861652, 0.04342842437677968, 0.03629082554827102, 0.08019645106590102, 0.11152393889226615, 0.4415047444722118, 0.14536117837239035, 0.4248788883800632, 0.47828076390388924, 0.805983389099061]
y_for_mating: [0.3148820700440236, 0.2463349812592353, 0.18815915563377472, 0.1530628950944224, 0.1224912575046024, 0.10967441013695048, 0.09659824242332393, 0.04307748735471333, 0.05426626057302173, 0.1875388548623761, 0.036391918030752604, 0.050705078952292246, 0.0486843646639343, 0.05663397883188922, 0.030574018034725158, 0.017877835054862, 0.048864685128657395, 0.07699907936836049, 0.4120345188428276, 0.7160492204753344, 0.4555753349469587, 0.46737760388311234, 0.12817357005722024]
