x: [0, 1, 2, 3, 4, 5, 6, 7, 8, 9, 10, 11, 12, 13, 14, 15, 16, 17, 18, 19]
y_for_success: [0.06522399772759654, 0.0011468582406694732, 0.00017712119823253488, 5.948444740773969e-05, 2.7967881888066105e-05, 1.7614783716966257e-05, 1.1836898174466788e-05, 0.0008378188698870668, 0.009314098131863865, 0.10121871903123374, 0.33158964726841483, 0.6498222996737816, 0.7573412144486419, 0.8030771188607113, 0.8461247240260369, 0.8655890180338566, 0.917925427092754, 0.9361286915325864, 0.9547508608661482, 0.9999999984037137]
y_for_failure: [0.9347760022724034, 0.9988531417593305, 0.9998228788017676, 0.9999405155525923, 0.999972032118112, 0.999982385216283, 0.9999881631018256, 0.999162181130113, 0.9906859018681361, 0.8987812809687665, 0.6684103527315851, 0.35017770032621853, 0.24265878555135798, 0.1969228811392885, 0.15387527597396317, 0.1344109819661433, 0.08207457290724599, 0.06387130846741378, 0.045249139133851625, 1.596286314268906e-09]
