x: [0, 1, 2, 3, 4, 5, 6, 7, 8, 9, 10, 11, 12, 13, 14, 15, 16, 17, 18, 19, 20]
y_for_approach: [0.06959641337420398, 0.2632448512132458, 0.44938096253573595, 0.566798084510636, 0.6547890689221934, 0.6953967029750353, 0.7338672233551432, 0.8851250662034745, 0.01564973219415815, 0.015159648594904594, 0.015808896975283378, 0.01576882155607837, 0.015371612770937916, 0.015834161287423543, 0.015340190829997642, 0.015324302936802458, 0.015109199268521691, 0.010726196205027842, 0.01533612849783594, 0.01551816210079797, 0.0165749337244392]
y_for_rotation: [0.3079729105955779, 0.2546742596739333, 0.18960416542076286, 0.14402716973522656, 0.11599813056105877, 0.10199562862730249, 0.08842513178479983, 0.03838591323889056, 0.935406925550005, 0.9049853281769646, 0.9378525785296591, 0.9536415838526485, 0.8633117610477316, 0.8532056243376251, 0.9132971153199243, 0.9121708912120661, 0.9796117619067229, 0.987237476516805, 0.036143443382438405, 0.03330757644628498, 0.054144859461641555]
y_for_insertion: [0.3258073987969668, 0.25163676962682335, 0.18628315238543675, 0.14781594533858103, 0.11694809031581221, 0.1031495580987641, 0.09028068355324283, 0.03896811267527743, 0.032535028856646935, 0.04318621162669468, 0.030665754973684203, 0.01954045151243886, 0.07292235644316403, 0.08294111411036206, 0.04446937943079001, 0.04859346662778633, 0.0030729630685831246, 0.0010036940692285533, 0.47330646745628563, 0.12718080076624602, 0.7995056925165367]
y_for_mating: [0.2966232772332515, 0.2304441194859975, 0.17473171965806403, 0.14135880041555632, 0.11226471020093569, 0.099458110298898, 0.08742696130681445, 0.03752090788235754, 0.0164083133991897, 0.03666881160143606, 0.015672769521373205, 0.011049143078834351, 0.04839426973816613, 0.04801910026458914, 0.026893314419288036, 0.023911339223345176, 0.0022060757561720287, 0.00103263320893878, 0.47521396066343996, 0.8239934606866708, 0.1297745142973826]
