now_kernel: linear
now_C: 0.01
cross_validation_fold: 5
training time mean: 0.0889105430016s
x: [28, 32, 36, 36, 40, 44, 48, 52, 56, 60, 64, 68, 72]
y_for_max: [1.0, 1.0, 1.0, 1.0, 1.0, 1.0, 1.0, 1.0, 1.0, 1.0, 1.0, 1.0, 1.0]
y_for_min: [0.75, 0.75, 0.875, 0.875, 0.875, 0.875, 0.9166666666666666, 0.9166666666666666, 0.9166666666666666, 0.9166666666666666, 0.9166666666666666, 0.9375, 1.0]
y_for_mean: [0.95, 0.925, 0.975, 0.975, 0.975, 0.975, 0.9833333333333332, 0.9833333333333332, 0.9833333333333332, 0.9833333333333332, 0.9833333333333332, 0.9875, 1.0]
