now_kernel: linear
now_C: 1e-05
cross_validation_fold: 5
training time mean: 0.0920361372141s
x: [28, 32, 36, 36, 40, 44, 48, 52, 56, 60, 64, 68, 72]
y_for_max: [1.0, 1.0, 1.0, 1.0, 1.0, 1.0, 1.0, 1.0, 1.0, 1.0, 1.0, 1.0, 1.0]
y_for_min: [0.75, 0.875, 0.875, 0.875, 0.875, 0.75, 0.875, 0.8333333333333334, 0.8333333333333334, 0.8333333333333334, 0.75, 0.8333333333333334, 0.8333333333333334]
y_for_mean: [0.95, 0.975, 0.975, 0.975, 0.975, 0.9, 0.9333333333333332, 0.9083333333333334, 0.9, 0.9166666666666667, 0.9208333333333332, 0.9125, 0.9041666666666666]
