now_kernel: poly
now_C: 1000.0
cross_validation_fold: 5
training time mean: 0.0844591397506s
x: [28, 32, 36, 36, 40, 44, 48, 52, 56, 60, 64, 68, 72]
y_for_max: [1.0, 1.0, 1.0, 1.0, 1.0, 1.0, 1.0, 1.0, 1.0, 1.0, 1.0, 1.0, 1.0]
y_for_min: [1.0, 0.75, 1.0, 1.0, 1.0, 0.75, 1.0, 0.9166666666666666, 1.0, 1.0, 0.9166666666666666, 1.0, 1.0]
y_for_mean: [1.0, 0.95, 1.0, 1.0, 1.0, 0.95, 1.0, 0.9833333333333332, 1.0, 1.0, 0.9666666666666666, 1.0, 1.0]
