now_kernel: poly
now_C: 1e-05
cross_validation_fold: 5
training time mean: 0.0918869972229s
x: [28, 32, 36, 36, 40, 44, 48, 52, 56, 60, 64, 68, 72]
y_for_max: [0.875, 1.0, 1.0, 1.0, 1.0, 1.0, 1.0, 1.0, 1.0, 1.0, 1.0, 1.0, 1.0]
y_for_min: [0.75, 0.75, 0.75, 0.75, 0.75, 0.75, 0.75, 0.75, 0.75, 0.75, 0.75, 0.6875, 0.8125]
y_for_mean: [0.775, 0.825, 0.825, 0.825, 0.85, 0.825, 0.85, 0.85, 0.8833333333333332, 0.8833333333333334, 0.8833333333333334, 0.8708333333333333, 0.9041666666666666]
