now_kernel: poly
now_C: 0.0001
cross_validation_fold: 5
training time mean: 0.0837967028985s
x: [28, 32, 36, 36, 40, 44, 48, 52, 56, 60, 64, 68, 72]
y_for_max: [0.875, 1.0, 1.0, 1.0, 1.0, 1.0, 1.0, 1.0, 1.0, 1.0, 1.0, 1.0, 1.0]
y_for_min: [0.75, 0.75, 0.75, 0.75, 0.75, 0.75, 0.75, 0.75, 0.75, 0.75, 0.75, 0.75, 0.8333333333333334]
y_for_mean: [0.775, 0.825, 0.825, 0.825, 0.85, 0.825, 0.85, 0.875, 0.8833333333333332, 0.8833333333333334, 0.8833333333333334, 0.8833333333333334, 0.9166666666666666]
