now_kernel: rbf
now_C: 0.01
cross_validation_fold: 5
training time mean: 0.0918241647574s
x: [28, 32, 36, 36, 40, 44, 48, 52, 56, 60, 64, 68, 72]
y_for_max: [1.0, 1.0, 1.0, 1.0, 1.0, 1.0, 1.0, 1.0, 1.0, 1.0, 1.0, 1.0, 1.0]
y_for_min: [1.0, 0.75, 0.75, 0.75, 0.875, 0.75, 0.875, 0.75, 0.75, 0.75, 0.6666666666666666, 0.6666666666666666, 0.75]
y_for_mean: [1.0, 0.95, 0.925, 0.925, 0.95, 0.8833333333333332, 0.9166666666666666, 0.825, 0.8166666666666668, 0.8166666666666668, 0.7499999999999999, 0.7833333333333333, 0.8]
