now_kernel: rbf
now_C: 1000.0
cross_validation_fold: 5
training time mean: 0.095379792727s
x: [28, 32, 36, 36, 40, 44, 48, 52, 56, 60, 64, 68, 72]
y_for_max: [1.0, 1.0, 1.0, 1.0, 1.0, 1.0, 1.0, 1.0, 1.0, 1.0, 1.0, 1.0, 1.0]
y_for_min: [1.0, 0.75, 1.0, 1.0, 1.0, 0.875, 0.9166666666666666, 0.9166666666666666, 0.9166666666666666, 0.9166666666666666, 0.75, 0.9375, 0.9375]
y_for_mean: [1.0, 0.95, 1.0, 1.0, 1.0, 0.975, 0.9833333333333332, 0.9666666666666666, 0.95, 0.9666666666666666, 0.9333333333333332, 0.9875, 0.9875]
