now_kernel: linear
now_C: 1e-05
cross_validation_fold: 5
training time mean: 0.0449768396524s
x: [12, 14, 16, 16, 18, 20, 22, 24, 24, 26, 28, 30, 32]
y_for_max: [1.0, 1.0, 1.0, 1.0, 1.0, 1.0, 1.0, 1.0, 1.0, 1.0, 1.0, 1.0, 1.0]
y_for_min: [0.5, 0.5, 0.75, 0.75, 0.75, 0.75, 0.5, 0.6666666666666666, 0.6666666666666666, 0.75, 0.6666666666666666, 0.6666666666666666, 0.8333333333333334]
y_for_mean: [0.9, 0.75, 0.9, 0.9, 0.9, 0.95, 0.9, 0.9333333333333332, 0.9333333333333332, 0.9166666666666667, 0.8833333333333332, 0.9, 0.9416666666666668]
