now_kernel: rbf
now_C: 1.0
cross_validation_fold: 5
training time mean: 0.0476339780367s
x: [12, 14, 16, 16, 18, 20, 22, 24, 24, 26, 28, 30, 32]
y_for_max: [1.0, 1.0, 1.0, 1.0, 1.0, 1.0, 1.0, 1.0, 1.0, 1.0, 1.0, 1.0, 1.0]
y_for_min: [0.5, 0.5, 0.5, 0.5, 0.75, 0.75, 0.5, 0.6666666666666666, 0.6666666666666666, 0.6666666666666666, 0.6666666666666666, 0.6666666666666666, 0.6666666666666666]
y_for_mean: [0.9, 0.75, 0.75, 0.75, 0.8, 0.85, 0.9, 0.9333333333333332, 0.9333333333333332, 0.8166666666666668, 0.7833333333333333, 0.8, 0.8416666666666668]
