x: [0, 1, 2, 3, 4, 5, 6, 7, 8, 9, 10, 11, 12, 13, 14, 15, 16, 17, 18, 19, 20, 21, 22, 23, 24, 25, 26, 27, 28, 29, 30, 31, 32, 33, 34, 35, 36, 37, 38, 39, 40, 41, 42, 43, 44, 45, 46, 47, 48, 49, 50, 51, 52, 53, 54, 55, 56, 57, 58, 59, 60, 61, 62, 63, 64, 65, 66, 67, 68, 69, 70, 71, 72, 73, 74]
y_for_success: [0.48396498590716325, 0.3994274740020788, 0.516267046675135, 0.5545468008650732, 0.517331491554712, 0.46703580785279425, 0.37692427519496685, 0.36852794034387654, 0.36386560885183444, 0.3961557720410138, 0.33739306515751827, 0.29752675793856487, 0.3788205038603026, 0.3945541743602904, 0.386441208148677, 0.5101529435283688, 0.5936624485112296, 0.6240010452924002, 0.6575828450712795, 0.6055903773054222, 0.5106370327690591, 0.4414600521588197, 0.40813836223927086, 0.42651378860062805, 0.416839187223686, 0.42074885064528533, 0.4096977837505699, 0.4563527297135577, 0.48041391585410614, 0.517806682962735, 0.5472383724789829, 0.55515721573631, 0.5892569901153042, 0.5949511240585469, 0.5662090012004536, 0.5483813464077242, 0.562377030775315, 0.6117754951435602, 0.6321961930755091, 0.671094668744348, 0.6908853626506186, 0.7260992732198152, 0.6975867872001902, 0.7174724115335225, 0.6776196130033169, 0.6506206902343703, 0.6299256121740328, 0.5864688167149544, 0.5410891037464642, 0.5285209980854296, 0.5, 0.5111744770797626, 0.5189123139220075, 0.5284546513573906, 0.5328345353432451, 0.529299378656853, 0.5540974486814886, 0.5810888811564574, 0.5821107595402507, 0.5831557740156758, 0.6019446402025492, 0.6144601718277504, 0.6276136145535552, 0.6193947206160201, 0.6301397281487053, 0.6434198292781482, 0.6302021594807097, 0.6263318763704292, 0.631349312141967, 0.6261668468847091, 0.6351919763923274, 0.6172851588136581, 0.589270988657788, 0.6257647843349355, 0.6184231250108643]
y_for_failure: [0.5160350140928366, 0.6005725259979213, 0.4837329533248652, 0.4454531991349266, 0.48266850844528797, 0.5329641921472059, 0.623075724805033, 0.6314720596561234, 0.6361343911481655, 0.6038442279589862, 0.6626069348424816, 0.7024732420614352, 0.6211794961396973, 0.6054458256397096, 0.6135587918513229, 0.48984705647163107, 0.40633755148877015, 0.3759989547075998, 0.34241715492872044, 0.39440962269457774, 0.48936296723094075, 0.5585399478411801, 0.5918616377607291, 0.573486211399372, 0.583160812776314, 0.5792511493547146, 0.5903022162494301, 0.5436472702864423, 0.5195860841458937, 0.48219331703726515, 0.4527616275210171, 0.44484278426369006, 0.41074300988469575, 0.4050488759414532, 0.4337909987995466, 0.45161865359227593, 0.437622969224685, 0.3882245048564397, 0.3678038069244909, 0.328905331255652, 0.3091146373493813, 0.27390072678018473, 0.3024132127998097, 0.2825275884664774, 0.3223803869966832, 0.34937930976562953, 0.3700743878259673, 0.41353118328504546, 0.45891089625353587, 0.47147900191457054, 0.5, 0.4888255229202375, 0.48108768607799257, 0.47154534864260966, 0.4671654646567549, 0.47070062134314716, 0.44590255131851153, 0.41891111884354276, 0.4178892404597493, 0.4168442259843243, 0.39805535979745077, 0.3855398281722494, 0.37238638544644453, 0.38060527938398, 0.3698602718512946, 0.3565801707218518, 0.36979784051929027, 0.3736681236295708, 0.36865068785803295, 0.3738331531152909, 0.3648080236076727, 0.3827148411863419, 0.41072901134221185, 0.37423521566506446, 0.3815768749891356]
