x: [0, 1, 2, 3, 4, 5, 6, 7, 8, 9, 10, 11, 12, 13, 14, 15, 16, 17, 18, 19, 20, 21, 22, 23, 24, 25, 26, 27, 28, 29, 30, 31, 32, 33, 34, 35, 36, 37, 38, 39, 40, 41, 42, 43, 44, 45, 46, 47, 48, 49, 50, 51, 52, 53, 54, 55, 56, 57, 58, 59, 60, 61, 62, 63, 64, 65, 66]
y_for_success: [0.3896380865312954, 0.49072278802481883, 0.4237902297796345, 0.5668265950543909, 0.5074530847830762, 0.46991309792959063, 0.5081231032470476, 0.45253714904407016, 0.45465577592180473, 0.5128031386268828, 0.5, 0.4330616934942684, 0.4197080890944058, 0.439135710270456, 0.3585023502988823, 0.3533649506830857, 0.37114041737863873, 0.3974099549093444, 0.5245777866892508, 0.6182882100455118, 0.637539105637238, 0.7185502004043846, 0.715137175387836, 0.7356695988239093, 0.7398478923500659, 0.6996420455482691, 0.7177351021203756, 0.6875646013170825, 0.6274901953807079, 0.6434604028620035, 0.5685619640895245, 0.5535658623383717, 0.5287366942752288, 0.48276881021282075, 0.4889760124179413, 0.49454598640142367, 0.5305315421572908, 0.5057756775993346, 0.5, 0.5559417570438787, 0.5923780703257787, 0.6833446147953498, 0.7308848220601917, 0.80531369081286, 0.9041495307189165, 0.8483188285710035, 0.829268962689573, 0.8907338140854575, 0.8443186280807333, 0.8940040173098018, 0.9608550405288905, 0.8792459785915688, 0.8111491454405656, 0.802145550893473, 0.8491911520894114, 0.8422915716250934, 0.8561356039257347, 0.8610704623193368, 0.9128255874037075, 0.9147493810334454, 0.8988637845609526, 0.9265910251766076, 0.9160052792271558, 0.8989198836061271, 0.9667190354681667, 0.9391921358100073, 0.9999999999999699]
y_for_failure: [0.6103619134687046, 0.5092772119751812, 0.5762097702203656, 0.43317340494560896, 0.49254691521692406, 0.5300869020704092, 0.4918768967529526, 0.5474628509559297, 0.5453442240781954, 0.48719686137311713, 0.5, 0.5669383065057317, 0.5802919109055942, 0.5608642897295438, 0.6414976497011178, 0.6466350493169143, 0.6288595826213611, 0.6025900450906555, 0.4754222133107492, 0.3817117899544882, 0.3624608943627619, 0.2814497995956155, 0.284862824612164, 0.26433040117609047, 0.2601521076499341, 0.3003579544517309, 0.2822648978796242, 0.3124353986829175, 0.37250980461929184, 0.3565395971379966, 0.43143803591047564, 0.4464341376616283, 0.471263305724771, 0.5172311897871792, 0.5110239875820586, 0.5054540135985762, 0.4694684578427091, 0.4942243224006653, 0.5, 0.44405824295612145, 0.4076219296742212, 0.31665538520465025, 0.26911517793980827, 0.1946863091871401, 0.0958504692810834, 0.1516811714289965, 0.17073103731042713, 0.10926618591454253, 0.1556813719192668, 0.1059959826901981, 0.03914495947110945, 0.12075402140843113, 0.18885085455943457, 0.19785444910652702, 0.1508088479105884, 0.15770842837490662, 0.1438643960742654, 0.13892953768066307, 0.08717441259629234, 0.08525061896655486, 0.10113621543904738, 0.07340897482339225, 0.08399472077284424, 0.10108011639387293, 0.033280964531833185, 0.0608078641899928, 3.00000089999998e-14]
