x: [0, 1, 2, 3, 4, 5, 6, 7, 8, 9, 10, 11, 12, 13, 14, 15, 16, 17, 18, 19, 20, 21, 22, 23, 24, 25, 26, 27, 28, 29, 30, 31, 32, 33, 34, 35, 36, 37, 38, 39, 40, 41, 42, 43, 44, 45]
y_for_success: [0.40674961052015624, 0.4290874551568133, 0.4561674872157183, 0.5218672573212365, 0.47797793044358566, 0.4753289197340815, 0.5333745002829824, 0.5701629943857979, 0.5212984147709621, 0.47567108952513565, 0.4323932442301441, 0.4140392096091645, 0.379921583038052, 0.37182977460231886, 0.3455720036701845, 0.36102433303353826, 0.371407999173978, 0.39923231962609307, 0.5353328997175053, 0.6725062846854792, 0.7209219309483953, 0.7748027068799036, 0.7719461907522175, 0.722608218671879, 0.7270662427252864, 0.708580854952836, 0.6952171683812292, 0.7194134560891665, 0.6480981656918622, 0.6336589591595511, 0.604536579003126, 0.5352308443470885, 0.49454666323580143, 0.464810608722366, 0.424803682401954, 0.4273860611508973, 0.46986289796202557, 0.435722271840139, 0.47396217833509025, 0.5506978836356838, 0.6538604713265582, 0.7709821240777426, 0.8617736496726569, 0.95323201239994, 0.9934557316059632, 0.9842605365799281]
y_for_failure: [0.5932503894798438, 0.5709125448431867, 0.5438325127842816, 0.4781327426787635, 0.5220220695564144, 0.5246710802659186, 0.4666254997170178, 0.4298370056142021, 0.4787015852290378, 0.5243289104748643, 0.5676067557698561, 0.5859607903908355, 0.6200784169619479, 0.628170225397681, 0.6544279963298155, 0.6389756669664617, 0.6285920008260221, 0.6007676803739069, 0.4646671002824947, 0.32749371531452093, 0.27907806905160465, 0.2251972931200964, 0.22805380924778249, 0.27739178132812115, 0.27293375727471364, 0.29141914504716415, 0.30478283161877096, 0.2805865439108335, 0.3519018343081379, 0.36634104084044894, 0.395463420996874, 0.46476915565291155, 0.5054533367641986, 0.5351893912776339, 0.575196317598046, 0.5726139388491028, 0.5301371020379747, 0.5642777281598609, 0.5260378216649099, 0.44930211636431633, 0.3461395286734419, 0.2290178759222574, 0.13822635032734332, 0.046767987600059936, 0.006544268394036704, 0.015739463420071938]
