x: [0, 1, 2, 3, 4, 5, 6, 7, 8, 9, 10, 11, 12, 13, 14, 15, 16, 17, 18, 19, 20, 21, 22, 23, 24, 25, 26, 27, 28, 29, 30, 31, 32, 33, 34, 35, 36, 37, 38, 39, 40, 41, 42, 43, 44, 45, 46, 47, 48, 49, 50, 51, 52, 53, 54, 55, 56, 57, 58, 59, 60, 61, 62, 63, 64]
y_for_success: [0.31285678132973765, 0.3879964865423284, 0.5353193747500287, 0.4442680103346094, 0.4046886656554581, 0.5, 0.42632038992542864, 0.39316707553548547, 0.40586034443656394, 0.45082298972170604, 0.2730093828914261, 0.23474392071204647, 0.4100378597717089, 0.6926688461001811, 0.6760896667701602, 0.7175968437930201, 0.7006411459682463, 0.6612054604965395, 0.6449513082755646, 0.6564593302480303, 0.6889503708332211, 0.5888408326373102, 0.4642963510179571, 0.38698247497196175, 0.3349285338566704, 0.31109072599793397, 0.2566437857869702, 0.2846837958139366, 0.33962394596432394, 0.4265192256590729, 0.5449284289854907, 0.5924286971852295, 0.5930411676459708, 0.6136039311428472, 0.6329676372405532, 0.6140677653710259, 0.6062359946293376, 0.598664222016171, 0.6023993684534156, 0.6100923013248004, 0.5861687021268007, 0.5301028741847431, 0.5125177123715021, 0.4948594342910069, 0.5194529803665088, 0.49182848489419884, 0.4697599727342957, 0.48166422622295946, 0.519154017940441, 0.5138116102298571, 0.5454349825418546, 0.5761516154801188, 0.582009965094505, 0.585347372973192, 0.5765425316123951, 0.6065352052106476, 0.6183199359565842, 0.536864585898815, 0.5276804628350139, 0.5310149225987801, 0.5, 0.5134663657799677, 0.48727036818461694, 0.5302718067107322, 0.5]
y_for_failure: [0.6871432186702624, 0.6120035134576716, 0.46468062524997134, 0.5557319896653906, 0.5953113343445419, 0.5, 0.5736796100745715, 0.6068329244645145, 0.5941396555634361, 0.5491770102782938, 0.7269906171085738, 0.7652560792879535, 0.5899621402282912, 0.30733115389981913, 0.32391033322983975, 0.28240315620698, 0.2993588540317539, 0.3387945395034605, 0.3550486917244355, 0.34354066975196973, 0.31104962916677914, 0.4111591673626898, 0.5357036489820428, 0.6130175250280381, 0.6650714661433297, 0.688909274002066, 0.7433562142130297, 0.7153162041860637, 0.660376054035676, 0.5734807743409269, 0.4550715710145093, 0.4075713028147706, 0.40695883235402935, 0.3863960688571527, 0.367032362759447, 0.385932234628974, 0.39376400537066236, 0.40133577798382897, 0.3976006315465844, 0.38990769867519953, 0.4138312978731993, 0.4698971258152569, 0.4874822876284978, 0.5051405657089929, 0.4805470196334912, 0.5081715151058013, 0.5302400272657043, 0.5183357737770405, 0.4808459820595592, 0.48618838977014284, 0.4545650174581453, 0.42384838451988116, 0.4179900349054952, 0.41465262702680783, 0.42345746838760484, 0.3934647947893526, 0.3816800640434158, 0.4631354141011851, 0.47231953716498615, 0.4689850774012199, 0.5, 0.48653363422003204, 0.5127296318153829, 0.46972819328926785, 0.5]
