x: [0, 1, 2, 3, 4, 5, 6, 7, 8, 9, 10, 11, 12, 13, 14, 15, 16, 17, 18, 19, 20, 21, 22, 23, 24, 25, 26, 27, 28, 29, 30, 31, 32, 33, 34, 35, 36, 37, 38, 39, 40, 41, 42, 43, 44, 45, 46, 47, 48, 49, 50, 51, 52, 53, 54, 55, 56, 57, 58, 59, 60, 61, 62, 63, 64, 65]
y_for_success: [0.3380595891704071, 0.6032399140690063, 0.42624779492879894, 0.5200244616880411, 0.5762326123499321, 0.5059037493758655, 0.435067939458436, 0.39333497632567915, 0.39571357744292596, 0.4571995309286751, 0.29266896267633036, 0.21077763983082218, 0.29018610141383416, 0.4312935689356659, 0.5268768774913105, 0.585728460322341, 0.4864660343604174, 0.47759777680894955, 0.46993006957323424, 0.510224297200274, 0.5442731438708128, 0.5730520546774371, 0.5130157314158922, 0.4433348298688504, 0.39831150357401124, 0.3491657315512098, 0.308296989576248, 0.3730033638963968, 0.46900444858826956, 0.4751161164065116, 0.5323644751400002, 0.568412591774163, 0.5770256150670032, 0.6484144319515203, 0.6789884271067111, 0.6696383164245737, 0.6815071910812068, 0.6315731415159306, 0.6545022791471901, 0.5987692513988679, 0.6120595123269676, 0.5400959313723086, 0.6159271089986696, 0.5805133838344285, 0.6319856602068916, 0.5843032065117901, 0.6305198270675267, 0.6167490874570588, 0.6708933589627093, 0.693866477215304, 0.6946515979728829, 0.7677074092748304, 0.6904440909509112, 0.7274500362372879, 0.6851150823327288, 0.647774477063659, 0.7436062353233676, 0.6513817899051096, 0.6231630380973543, 0.6860498546774821, 0.5867099208219966, 0.5718871513057426, 0.5992187462113179, 0.5477596353766319, 0.5434444869401798, 0.5695425643339228]
y_for_failure: [0.6619404108295929, 0.3967600859309937, 0.5737522050712011, 0.4799755383119591, 0.42376738765006783, 0.4940962506241344, 0.564932060541564, 0.6066650236743208, 0.604286422557074, 0.5428004690713251, 0.7073310373236698, 0.7892223601691777, 0.7098138985861661, 0.5687064310643338, 0.47312312250868954, 0.41427153967765873, 0.5135339656395824, 0.5224022231910505, 0.5300699304267655, 0.48977570279972604, 0.4557268561291871, 0.4269479453225628, 0.4869842685841078, 0.5566651701311496, 0.6016884964259889, 0.6508342684487901, 0.6917030104237522, 0.6269966361036031, 0.5309955514117305, 0.5248838835934886, 0.4676355248599997, 0.4315874082258368, 0.4229743849329967, 0.3515855680484799, 0.3210115728932888, 0.330361683575426, 0.3184928089187932, 0.3684268584840693, 0.3454977208528101, 0.401230748601132, 0.3879404876730324, 0.4599040686276914, 0.38407289100133046, 0.41948661616557154, 0.3680143397931084, 0.4156967934882098, 0.3694801729324731, 0.3832509125429411, 0.3291066410372903, 0.306133522784696, 0.30534840202711744, 0.23229259072516956, 0.3095559090490888, 0.27254996376271223, 0.3148849176672713, 0.3522255229363411, 0.25639376467663244, 0.34861821009489036, 0.37683696190264565, 0.3139501453225179, 0.41329007917800337, 0.42811284869425753, 0.40078125378868223, 0.4522403646233683, 0.4565555130598202, 0.43045743566607714]
