x: [0, 1, 2, 3, 4, 5, 6, 7, 8, 9, 10, 11, 12, 13, 14, 15, 16, 17, 18, 19, 20, 21, 22, 23, 24, 25, 26, 27, 28, 29, 30, 31, 32, 33, 34, 35, 36, 37, 38, 39, 40, 41, 42, 43, 44, 45, 46, 47, 48, 49, 50, 51, 52, 53, 54, 55, 56, 57, 58, 59]
y_for_success: [0.4389188266812237, 0.44883407738559933, 0.5499527787313326, 0.5886716021849078, 0.42697227088270373, 0.4321506221737958, 0.46517632382484, 0.43242900778738064, 0.3920913575604792, 0.4047077914871129, 0.287200815605258, 0.3760976038326255, 0.4578322854270328, 0.43208439009500765, 0.3897761116673812, 0.47365710194751875, 0.5865975636796846, 0.6797812468629242, 0.7286081239989449, 0.7006436137190044, 0.6579183572640676, 0.5929270103742743, 0.5570755312534643, 0.5085889286170152, 0.45340452350373406, 0.4309693671798639, 0.4623837409912841, 0.5, 0.5, 0.5205580219701986, 0.5889393527694319, 0.6166948752454913, 0.666611219726076, 0.7065423932699865, 0.7421154389839439, 0.7187107134080293, 0.7162449048627909, 0.6569767792522706, 0.6673426164336498, 0.6562327949600014, 0.6561968271690581, 0.6408575050872933, 0.6150473547707752, 0.6612862795556776, 0.6783700142722321, 0.6804489681143632, 0.6635720728564656, 0.6418453796534684, 0.6655421063861123, 0.5988756816124534, 0.565769346835508, 0.5619988824871824, 0.5184602084809783, 0.5289800502081665, 0.45855041240497985, 0.4845310898694634, 0.44504566792596195, 0.43632594454691337, 0.4546074726874544, 0.43560403455972607]
y_for_failure: [0.5610811733187764, 0.5511659226144007, 0.4500472212686674, 0.411328397815092, 0.5730277291172962, 0.5678493778262043, 0.5348236761751599, 0.5675709922126193, 0.6079086424395207, 0.5952922085128872, 0.7127991843947415, 0.6239023961673746, 0.5421677145729672, 0.5679156099049923, 0.610223888332619, 0.5263428980524814, 0.41340243632031537, 0.32021875313707576, 0.27139187600105497, 0.2993563862809957, 0.34208164273593245, 0.40707298962572575, 0.4429244687465357, 0.4914110713829848, 0.5465954764962659, 0.5690306328201361, 0.537616259008716, 0.5, 0.5, 0.4794419780298014, 0.4110606472305682, 0.3833051247545089, 0.333388780273924, 0.29345760673001386, 0.2578845610160559, 0.2812892865919706, 0.28375509513720915, 0.34302322074772956, 0.3326573835663503, 0.34376720503999864, 0.3438031728309419, 0.3591424949127068, 0.38495264522922473, 0.33871372044432263, 0.3216299857277681, 0.3195510318856371, 0.3364279271435345, 0.35815462034653156, 0.33445789361388784, 0.4011243183875464, 0.434230653164492, 0.4380011175128174, 0.4815397915190218, 0.4710199497918335, 0.5414495875950203, 0.5154689101305365, 0.5549543320740383, 0.5636740554530865, 0.5453925273125456, 0.564395965440274]
