x: [0, 1, 2, 3, 4, 5, 6, 7, 8, 9, 10, 11, 12, 13, 14, 15, 16, 17, 18, 19, 20, 21, 22, 23, 24, 25, 26, 27, 28, 29, 30, 31, 32, 33, 34, 35, 36, 37, 38, 39, 40, 41, 42, 43, 44, 45, 46, 47, 48, 49, 50, 51, 52, 53]
y_for_success: [0.37424339178846533, 0.486869311902053, 0.3921490107446769, 0.4413333533150892, 0.48826307251678475, 0.43126905285572736, 0.4924692399592824, 0.4656239395227566, 0.38167368254420647, 0.4753538532137512, 0.44340414799310235, 0.4227116819461306, 0.4012338657550063, 0.3881235105192258, 0.3411291495682438, 0.34569156056469863, 0.3717593864743618, 0.41669218537044395, 0.5361376213232216, 0.663186532182553, 0.66740050246301, 0.7491049155268675, 0.7809165975009282, 0.7844507717337028, 0.7538163653657874, 0.76446707268859, 0.7775452518117791, 0.7662283176583674, 0.7484188892152521, 0.7347475856419914, 0.6586892255408735, 0.6281566858533063, 0.5759183334379253, 0.5349224415761774, 0.5131439353771471, 0.5083330094317009, 0.5474851113910225, 0.5255029824157803, 0.5342091658616571, 0.6034745643989489, 0.6721331724240809, 0.7586776119759053, 0.8155480597676472, 0.9055252421414481, 0.9689657096367725, 0.9249937404549818, 0.9227271127122539, 0.9657535109192201, 0.927194271371871, 0.953192480973636, 0.9939444675355963, 0.978623228224029, 0.9602159043746321, 0.9359739179134201]
y_for_failure: [0.6257566082115347, 0.513130688097947, 0.6078509892553232, 0.5586666466849107, 0.5117369274832153, 0.5687309471442725, 0.5075307600407177, 0.5343760604772434, 0.6183263174557936, 0.5246461467862489, 0.5565958520068977, 0.5772883180538694, 0.5987661342449937, 0.6118764894807741, 0.6588708504317562, 0.6543084394353014, 0.6282406135256381, 0.5833078146295563, 0.46386237867677826, 0.33681346781744687, 0.3325994975369901, 0.25089508447313263, 0.2190834024990717, 0.21554922826629708, 0.24618363463421228, 0.23553292731141007, 0.22245474818822067, 0.23377168234163256, 0.25158111078474804, 0.2652524143580088, 0.3413107744591269, 0.3718433141466937, 0.4240816665620747, 0.46507755842382253, 0.4868560646228531, 0.49166699056829927, 0.45251488860897743, 0.4744970175842195, 0.4657908341383429, 0.39652543560105136, 0.3278668275759191, 0.2413223880240948, 0.18445194023235256, 0.0944747578585518, 0.031034290363227673, 0.07500625954501813, 0.07727288728774594, 0.034246489080780027, 0.07280572862812892, 0.04680751902636414, 0.006055532464403806, 0.021376771775970926, 0.03978409562536799, 0.06402608208657998]
