x: [0, 1, 2, 3, 4, 5, 6, 7, 8, 9, 10, 11, 12, 13, 14, 15, 16, 17, 18, 19, 20, 21, 22, 23, 24, 25, 26, 27, 28, 29, 30, 31, 32, 33, 34, 35, 36, 37, 38, 39, 40, 41, 42, 43, 44, 45, 46]
y_for_success: [0.42231634507172366, 0.5, 0.5, 0.550767196442122, 0.43310675237773144, 0.4409160676153392, 0.5563231676459399, 0.5, 0.5, 0.4502285708117054, 0.4380019409619507, 0.41358878034562835, 0.38987878979604973, 0.3927854602240642, 0.3513345271623877, 0.3094266012705536, 0.3395544531284596, 0.3568595062471826, 0.5147774587171554, 0.6441304856093153, 0.6830018277263633, 0.7286028007968247, 0.7450984892227711, 0.6187648106317261, 0.6147173731882675, 0.5901523381828662, 0.5721314817246814, 0.6005233078182284, 0.5406544101552146, 0.5843656104962218, 0.5857891324556042, 0.5105847632155895, 0.5150143204080058, 0.487697579833122, 0.4508184079205272, 0.44757033410722047, 0.43607024412796025, 0.4465359158274053, 0.47835427288177523, 0.509766805777086, 0.6253676228583808, 0.7305786108227248, 0.7994934682133212, 0.9176020795216031, 0.9718777780395551, 0.9516030001591034, 0.9556036363447417]
y_for_failure: [0.5776836549282762, 0.5, 0.5, 0.44923280355787815, 0.5668932476222684, 0.5590839323846608, 0.44367683235406014, 0.5, 0.5, 0.5497714291882946, 0.5619980590380491, 0.5864112196543716, 0.6101212102039503, 0.6072145397759356, 0.6486654728376122, 0.6905733987294462, 0.6604455468715402, 0.6431404937528173, 0.48522254128284475, 0.35586951439068465, 0.3169981722736365, 0.27139719920317534, 0.2549015107772286, 0.38123518936827394, 0.38528262681173253, 0.4098476618171338, 0.42786851827531874, 0.3994766921817716, 0.4593455898447852, 0.41563438950377807, 0.41421086754439584, 0.4894152367844107, 0.48498567959199435, 0.512302420166878, 0.5491815920794727, 0.5524296658927794, 0.5639297558720398, 0.5534640841725946, 0.5216457271182248, 0.49023319422291395, 0.37463237714161934, 0.26942138917727515, 0.2005065317866787, 0.08239792047839685, 0.02812222196044479, 0.04839699984089669, 0.04439636365525828]
