x: [0, 1, 2, 3, 4, 5, 6, 7, 8, 9, 10, 11, 12, 13, 14, 15, 16, 17, 18, 19, 20, 21, 22, 23, 24, 25, 26, 27, 28, 29, 30, 31, 32, 33, 34, 35, 36, 37, 38, 39, 40, 41, 42, 43, 44, 45, 46, 47, 48, 49, 50, 51, 52, 53, 54, 55, 56, 57]
y_for_success: [0.32273422757268744, 0.5190051298313898, 0.5588403033759095, 0.5124905601696118, 0.4867967916590089, 0.48597720416057893, 0.4276105113089223, 0.4069030510982095, 0.3642431759755784, 0.40484181810386694, 0.3150185414023335, 0.23733871414854418, 0.22506137804729875, 0.3692037927674881, 0.5558020998092963, 0.5799554942368174, 0.572962771191503, 0.627732238903086, 0.5503698958093327, 0.5499900141162064, 0.550725838823297, 0.5082001930269908, 0.5075324510253557, 0.4575570635838007, 0.39607865115151847, 0.3760535186476583, 0.3731058363055875, 0.43495897841692976, 0.4819458730606201, 0.4893991156939566, 0.5435147294836726, 0.5772949445625661, 0.6420759914308098, 0.7006880113939016, 0.7079447176603328, 0.7583546395511306, 0.7034856063383619, 0.6660879287297572, 0.6334868990953993, 0.6159108694856021, 0.6263906035748932, 0.61024011715564, 0.5753866316627969, 0.607157389623249, 0.61480896957566, 0.6037727607646008, 0.6316563805043951, 0.6084588706932181, 0.6471307885106061, 0.6472594189808166, 0.70334339180004, 0.6610110513048795, 0.7359353313787089, 0.6803580365462267, 0.7381912206661065, 0.7203566733146385, 0.7366527510257828, 0.9999999999999699]
y_for_failure: [0.6772657724273125, 0.4809948701686101, 0.4411596966240906, 0.48750943983038814, 0.5132032083409911, 0.514022795839421, 0.5723894886910775, 0.5930969489017905, 0.6357568240244216, 0.595158181896133, 0.6849814585976665, 0.7626612858514558, 0.7749386219527014, 0.630796207232512, 0.4441979001907035, 0.4200445057631826, 0.42703722880849715, 0.37226776109691406, 0.44963010419066735, 0.4500099858837936, 0.44927416117670294, 0.49179980697300923, 0.4924675489746444, 0.5424429364161995, 0.6039213488484816, 0.6239464813523417, 0.6268941636944124, 0.5650410215830705, 0.5180541269393798, 0.5106008843060434, 0.45648527051632737, 0.422705055437434, 0.3579240085691901, 0.2993119886060985, 0.2920552823396673, 0.2416453604488695, 0.29651439366163806, 0.3339120712702426, 0.3665131009046006, 0.38408913051439786, 0.37360939642510693, 0.3897598828443602, 0.42461336833720315, 0.39284261037675094, 0.38519103042434005, 0.3962272392353992, 0.368343619495605, 0.39154112930678175, 0.3528692114893939, 0.35274058101918343, 0.29665660819995987, 0.3389889486951206, 0.2640646686212912, 0.3196419634537733, 0.26180877933389346, 0.2796433266853614, 0.263347248974217, 3.00000089999998e-14]
