x: [0, 1, 2, 3, 4, 5, 6, 7, 8, 9, 10, 11, 12, 13, 14, 15, 16, 17, 18, 19, 20, 21, 22, 23, 24, 25, 26, 27, 28, 29, 30, 31, 32, 33, 34, 35, 36, 37, 38, 39, 40, 41, 42, 43, 44, 45]
y_for_success: [0.38206668161304197, 0.43110782853268537, 0.46185381180364427, 0.4721351639697882, 0.4299977572339547, 0.5, 0.5, 0.49106298827200157, 0.4739921904031299, 0.4362535771889026, 0.440625382801125, 0.39226709423051, 0.3994684637176609, 0.42229602509385444, 0.33220402208250394, 0.31016416700892724, 0.341710819652073, 0.361946045465516, 0.5105608361139641, 0.6463009996648698, 0.6628035612707691, 0.7400338465260203, 0.7517538743091473, 0.7300893590387, 0.7459664101724931, 0.7088542134463144, 0.7142042412838441, 0.7047391736901534, 0.6476472428703383, 0.6478355390649854, 0.6113911888561895, 0.5471668761040493, 0.49142866616390946, 0.46512750106431844, 0.41809358191646956, 0.4323487926442596, 0.46946083881168, 0.44141700301478415, 0.47354777342404153, 0.521965518345518, 0.6327205247048584, 0.7531830493576497, 0.8511859028636561, 0.945927943473486, 0.9935546487954737, 0.9737676754561347]
y_for_failure: [0.6179333183869582, 0.5688921714673146, 0.5381461881963556, 0.5278648360302118, 0.5700022427660453, 0.5, 0.5, 0.5089370117279985, 0.52600780959687, 0.5637464228110973, 0.559374617198875, 0.60773290576949, 0.600531536282339, 0.5777039749061456, 0.6677959779174961, 0.689835832991073, 0.658289180347927, 0.6380539545344841, 0.48943916388603576, 0.35369900033513035, 0.3371964387292309, 0.2599661534739796, 0.24824612569085272, 0.2699106409613001, 0.25403358982750707, 0.2911457865536856, 0.28579575871615587, 0.29526082630984646, 0.35235275712966163, 0.35216446093501497, 0.38860881114381063, 0.45283312389595054, 0.5085713338360907, 0.5348724989356817, 0.5819064180835305, 0.5676512073557404, 0.5305391611883199, 0.5585829969852159, 0.5264522265759584, 0.47803448165448204, 0.36727947529514166, 0.24681695064235007, 0.14881409713634366, 0.05407205652651399, 0.0064453512045263535, 0.026232324543865367]
