x: [0, 1, 2, 3, 4, 5, 6, 7, 8, 9, 10, 11, 12, 13, 14, 15, 16, 17, 18, 19, 20, 21, 22, 23, 24, 25, 26, 27, 28, 29, 30, 31, 32, 33, 34, 35, 36, 37, 38, 39, 40, 41, 42, 43, 44, 45, 46, 47, 48, 49]
y_for_success: [0.3910537507786554, 0.4401692729406137, 0.3862113266408078, 0.5504339504824035, 0.4556934386212898, 0.45815788971148874, 0.5, 0.4458410275446236, 0.5, 0.515591811408871, 0.4836146755936447, 0.4290978138877105, 0.42600822905771013, 0.40996372045714347, 0.37735552364857694, 0.3454062795344048, 0.3582818452510287, 0.359792468016669, 0.469193102278047, 0.6044709368846051, 0.6275539448082068, 0.7046002038627149, 0.7115833572861978, 0.7296839314653385, 0.7357191368091883, 0.7082620072043406, 0.7235962130181384, 0.7245409890567698, 0.702989417468743, 0.6666067517790718, 0.6169472142994971, 0.5665069184715639, 0.5273046613529181, 0.5, 0.4787733045281269, 0.4673612284795948, 0.488709593172823, 0.4412088621832154, 0.4711369941891784, 0.5085699199683632, 0.598281350675621, 0.669513296270833, 0.7431978613112941, 0.8788708286285986, 0.9826279162142435, 0.9426867741518109, 0.9678351466350442, 0.9965769356217331, 0.9638633747062892, 0.9745135956476028]
y_for_failure: [0.6089462492213447, 0.5598307270593862, 0.6137886733591923, 0.4495660495175966, 0.5443065613787103, 0.5418421102885114, 0.5, 0.5541589724553765, 0.5, 0.4844081885911289, 0.5163853244063553, 0.5709021861122894, 0.5739917709422899, 0.5900362795428565, 0.6226444763514231, 0.6545937204655952, 0.6417181547489713, 0.6402075319833309, 0.530806897721953, 0.39552906311539504, 0.37244605519179325, 0.29539979613728495, 0.28841664271380235, 0.2703160685346615, 0.2642808631908116, 0.2917379927956595, 0.27640378698186185, 0.27545901094323, 0.2970105825312572, 0.33339324822092836, 0.3830527857005029, 0.43349308152843613, 0.4726953386470817, 0.5, 0.5212266954718731, 0.5326387715204052, 0.5112904068271771, 0.5587911378167845, 0.5288630058108215, 0.49143008003163685, 0.401718649324379, 0.33048670372916694, 0.25680213868870605, 0.12112917137140129, 0.01737208378575662, 0.05731322584818892, 0.03216485336495585, 0.0034230643782671424, 0.03613662529371103, 0.02548640435239711]
