x: [0, 1, 2, 3, 4, 5, 6, 7, 8, 9, 10, 11, 12, 13, 14, 15, 16, 17, 18, 19, 20, 21, 22, 23, 24, 25, 26, 27, 28, 29, 30, 31, 32, 33, 34, 35, 36, 37, 38, 39, 40, 41, 42, 43, 44, 45]
y_for_success: [0.36352248217285804, 0.3738030861218364, 0.44612382362424696, 0.5273476806976278, 0.40892601701262704, 0.4019737949792275, 0.436127657592198, 0.4604436911046304, 0.5087379903837308, 0.4541869826138354, 0.4306487312426356, 0.3858464135294233, 0.3805724152782926, 0.37959602551063576, 0.29582599326904774, 0.29364789465965996, 0.3467223930726556, 0.3807621029956313, 0.5398856792474075, 0.6464078057556104, 0.6949072459294363, 0.7201441290817037, 0.7514810290358389, 0.7011107619862167, 0.6834672708407235, 0.7059676766897155, 0.6715133092735402, 0.6747847461179403, 0.6092124003034244, 0.5993752405931219, 0.5806107661040966, 0.5082938350003658, 0.5, 0.46425544223620807, 0.4495434932781116, 0.4335353296618614, 0.4109823139728147, 0.4163583742471106, 0.5, 0.5407075408268263, 0.701695548112163, 0.7842340346091358, 0.8876931466021077, 0.9589176108023153, 0.9881363602365398, 0.9858597658527151]
y_for_failure: [0.636477517827142, 0.6261969138781636, 0.5538761763757531, 0.4726523193023722, 0.5910739829873729, 0.5980262050207723, 0.5638723424078018, 0.5395563088953697, 0.49126200961626915, 0.5458130173861646, 0.5693512687573644, 0.6141535864705768, 0.6194275847217073, 0.6204039744893641, 0.7041740067309523, 0.70635210534034, 0.6532776069273443, 0.6192378970043687, 0.4601143207525925, 0.3535921942443895, 0.3050927540705638, 0.27985587091829633, 0.24851897096416123, 0.29888923801378336, 0.3165327291592764, 0.2940323233102844, 0.32848669072645975, 0.3252152538820598, 0.3907875996965756, 0.40062475940687814, 0.41938923389590343, 0.49170616499963415, 0.5, 0.5357445577637919, 0.5504565067218886, 0.5664646703381386, 0.5890176860271852, 0.5836416257528895, 0.5, 0.45929245917317385, 0.2983044518878372, 0.21576596539086418, 0.1123068533978923, 0.04108238919768453, 0.011863639763459968, 0.01414023414728494]
