x: [0, 1, 2, 3, 4, 5, 6, 7, 8, 9, 10, 11, 12, 13, 14, 15, 16, 17, 18, 19, 20, 21, 22, 23, 24, 25, 26, 27, 28, 29, 30, 31, 32, 33, 34, 35, 36, 37, 38, 39, 40, 41, 42, 43, 44, 45, 46, 47, 48, 49, 50, 51, 52, 53, 54, 55, 56, 57, 58, 59, 60, 61, 62, 63, 64, 65, 66, 67]
y_for_success: [0.29071476079180764, 0.40859200283615665, 0.5668889467404041, 0.5423696821943659, 0.4464383721712182, 0.5477062405088233, 0.4830601089627328, 0.3977633286918531, 0.39292718282713723, 0.4224020449965043, 0.30956633685169893, 0.23529367120680475, 0.3692537498325385, 0.6071034320453101, 0.6588249213887732, 0.6069662451354761, 0.6300417480219193, 0.6471880275342916, 0.6478315208499247, 0.6689708447433652, 0.6046111726354215, 0.5655862459549609, 0.4358230828349094, 0.42036613121228983, 0.3966889161412911, 0.3678958429432148, 0.3453699240789968, 0.364362540551784, 0.46817895262200393, 0.5159712182253389, 0.6427006657833331, 0.7017264123401533, 0.7842408669203549, 0.791199624987839, 0.7836902173586487, 0.6673544736610932, 0.581541069809368, 0.5417530424249923, 0.4875079527668816, 0.4594325355119743, 0.4718894244947986, 0.509130047551182, 0.5210158287019253, 0.5119699617668688, 0.5532998076888344, 0.5723165498578121, 0.5928657466787256, 0.6137644057730754, 0.6294448638885994, 0.6422290068605658, 0.6827130427789116, 0.6521135895314147, 0.6631806041728459, 0.6458084908069484, 0.6474053104468604, 0.6284108282837473, 0.604542400545773, 0.6172878112371005, 0.5897093193816216, 0.596320565996217, 0.5867994160989538, 0.5581286740291433, 0.5676481038838782, 0.6060699475364222, 0.5972548053285056, 0.5974290722101089, 0.5830485138485685, 0.5829283736704919]
y_for_failure: [0.7092852392081922, 0.5914079971638434, 0.43311105325959565, 0.4576303178056342, 0.5535616278287819, 0.45229375949117656, 0.5169398910372671, 0.602236671308147, 0.6070728171728628, 0.5775979550034956, 0.6904336631483012, 0.7647063287931953, 0.6307462501674616, 0.39289656795469, 0.341175078611227, 0.39303375486452385, 0.3699582519780808, 0.3528119724657084, 0.35216847915007515, 0.33102915525663473, 0.39538882736457837, 0.4344137540450389, 0.5641769171650906, 0.5796338687877101, 0.6033110838587089, 0.6321041570567852, 0.6546300759210033, 0.6356374594482161, 0.531821047377996, 0.4840287817746612, 0.3572993342166667, 0.29827358765984663, 0.21575913307964495, 0.20880037501216103, 0.21630978264135134, 0.33264552633890665, 0.41845893019063196, 0.45824695757500755, 0.5124920472331184, 0.5405674644880257, 0.5281105755052015, 0.4908699524488181, 0.4789841712980748, 0.48803003823313124, 0.4467001923111656, 0.427683450142188, 0.40713425332127456, 0.38623559422692455, 0.3705551361114005, 0.35777099313943433, 0.31728695722108824, 0.34788641046858504, 0.33681939582715426, 0.3541915091930517, 0.3525946895531397, 0.3715891717162527, 0.395457599454227, 0.3827121887628996, 0.4102906806183783, 0.40367943400378303, 0.4132005839010461, 0.44187132597085677, 0.43235189611612185, 0.3939300524635779, 0.40274519467149433, 0.402570927789891, 0.4169514861514315, 0.4170716263295081]
