x: [0, 1, 2, 3, 4, 5, 6, 7, 8, 9, 10, 11, 12, 13, 14, 15, 16, 17, 18, 19, 20, 21, 22, 23, 24, 25, 26, 27, 28, 29, 30, 31, 32, 33, 34, 35, 36, 37, 38, 39, 40, 41, 42, 43, 44, 45]
y_for_success: [0.45492528424907164, 0.5, 0.5154402351782656, 0.5685589909395988, 0.48829075337217676, 0.4545888124732001, 0.39522874189032164, 0.39649285739485257, 0.3912812061208593, 0.4201785421456496, 0.26693408385837986, 0.2529818040573767, 0.5069283544753751, 0.679757731999164, 0.7200862654684237, 0.7452125783489815, 0.7474225637435075, 0.7125137021243323, 0.6827836840003644, 0.6901685160868103, 0.6764538210446469, 0.6321347334894432, 0.5285295121739385, 0.5133709420903724, 0.4728673472534189, 0.44079384608572225, 0.40645668043075056, 0.3944784134194368, 0.3545142054729357, 0.41978188736233624, 0.5, 0.5820929889875742, 0.6447584993074615, 0.654018406966022, 0.6309425123823538, 0.6600560907250077, 0.6863336904515441, 0.682642986850585, 0.683666917363595, 0.6855098977078214, 0.6936213528869549, 0.6894089630784056, 0.7315286396864827, 0.7454881690017566, 0.7494419414978855, 0.768991114787265]
y_for_failure: [0.5450747157509284, 0.5, 0.48455976482173446, 0.4314410090604012, 0.5117092466278232, 0.5454111875268001, 0.6047712581096784, 0.6035071426051474, 0.6087187938791405, 0.5798214578543506, 0.7330659161416203, 0.7470181959426234, 0.49307164552462485, 0.3202422680008359, 0.2799137345315764, 0.2547874216510184, 0.25257743625649237, 0.28748629787566776, 0.3172163159996357, 0.3098314839131896, 0.3235461789553531, 0.36786526651055684, 0.47147048782606144, 0.4866290579096277, 0.527132652746581, 0.5592061539142777, 0.5935433195692494, 0.6055215865805632, 0.6454857945270643, 0.5802181126376637, 0.5, 0.41790701101242583, 0.3552415006925386, 0.3459815930339777, 0.3690574876176461, 0.3399439092749925, 0.31366630954845603, 0.317357013149415, 0.3163330826364052, 0.3144901022921787, 0.30637864711304513, 0.3105910369215943, 0.2684713603135171, 0.25451183099824337, 0.25055805850211443, 0.2310088852127348]
