x: [0, 1, 2, 3, 4, 5, 6, 7, 8, 9, 10, 11, 12, 13, 14, 15, 16, 17, 18, 19, 20, 21, 22, 23, 24, 25, 26, 27, 28, 29, 30, 31, 32, 33, 34, 35, 36, 37, 38, 39, 40, 41, 42, 43, 44, 45, 46, 47]
y_for_success: [0.38206668161304197, 0.4198663164562111, 0.40598325166388016, 0.5116705243040002, 0.4491347846405314, 0.3978700267959687, 0.5080932829428233, 0.46515286537303785, 0.44682104045033655, 0.5, 0.4668232010230018, 0.4411195421644968, 0.41156173730937734, 0.3932302900080427, 0.3750686996039697, 0.355461119992127, 0.3647641902683015, 0.3725962902851081, 0.5100190087410428, 0.6527281826206089, 0.6649058075907781, 0.7512075977315482, 0.729382704080495, 0.6710516433625123, 0.6732824051331455, 0.6367744918694545, 0.6231814234080731, 0.6444752627651956, 0.53715133125269, 0.5269329652864733, 0.4876133061999843, 0.43322951776583685, 0.45102072399676907, 0.41900304741158256, 0.396625699451104, 0.38328466393277894, 0.43357718351321234, 0.42662425036755985, 0.4447864540219092, 0.5159957126041814, 0.5975081437546033, 0.657333588695363, 0.7602431303734185, 0.8770928791196337, 0.9677087308653186, 0.9383021188676035, 0.9559447101945335, 0.968510226290408]
y_for_failure: [0.6179333183869582, 0.580133683543789, 0.5940167483361197, 0.48832947569599994, 0.5508652153594685, 0.6021299732040314, 0.49190671705717676, 0.5348471346269623, 0.5531789595496636, 0.5, 0.5331767989769984, 0.5588804578355031, 0.5884382626906227, 0.6067697099919573, 0.6249313003960302, 0.6445388800078731, 0.6352358097316986, 0.6274037097148919, 0.4899809912589572, 0.3472718173793912, 0.3350941924092218, 0.2487924022684519, 0.27061729591950506, 0.32894835663748767, 0.3267175948668545, 0.36322550813054555, 0.376818576591927, 0.3555247372348044, 0.46284866874731023, 0.47306703471352674, 0.5123866938000157, 0.5667704822341632, 0.5489792760032309, 0.5809969525884175, 0.603374300548896, 0.616715336067221, 0.5664228164867875, 0.5733757496324403, 0.5552135459780908, 0.48400428739581847, 0.4024918562453969, 0.34266641130463704, 0.2397568696265815, 0.1229071208803665, 0.03229126913468138, 0.061697881132396444, 0.04405528980546661, 0.031489773709591995]
