x: [0, 1, 2, 3, 4, 5, 6, 7, 8, 9, 10, 11, 12, 13, 14, 15, 16, 17, 18, 19, 20, 21, 22, 23, 24, 25, 26, 27, 28, 29, 30, 31, 32, 33, 34, 35, 36, 37, 38, 39, 40, 41, 42, 43, 44, 45, 46, 47, 48, 49, 50, 51, 52, 53, 54, 55, 56, 57, 58, 59, 60, 61, 62, 63, 64, 65, 66, 67, 68, 69, 70, 71, 72, 73, 74, 75, 76, 77, 78, 79, 80, 81]
y_for_success: [0.4537704975909809, 0.40013194787825024, 0.5751120110372314, 0.6195606193779168, 0.5689755899760414, 0.47517588034072333, 0.46080902999997203, 0.4197468879001578, 0.4385991690137638, 0.44201826907498104, 0.37706651370083366, 0.29037957552737165, 0.3422564737017229, 0.44872816914497615, 0.5, 0.5449986099435801, 0.6099102962910462, 0.6654018291894611, 0.6278871143193606, 0.6450152088087577, 0.563884684370256, 0.5482240764154088, 0.45031747918764126, 0.4685927461606317, 0.4503732015943494, 0.4203857824019537, 0.3912343100633129, 0.3766535170739748, 0.3922383782985683, 0.45565420858051475, 0.5692271533537412, 0.5870926800372329, 0.7294788905503756, 0.7588002264101693, 0.790509348293002, 0.8033210242831181, 0.8088955523282135, 0.8036798884746078, 0.6473474237296082, 0.5842819814609637, 0.5513601909285385, 0.509534432186633, 0.5, 0.48272663717057646, 0.47451611422970996, 0.5095111672731535, 0.505873827577355, 0.520787541290668, 0.5457118850782311, 0.5580523189598908, 0.564988726409001, 0.5895132306884968, 0.6014459834461083, 0.5904350023923934, 0.618162112441526, 0.6105878153430312, 0.6161819271704776, 0.6480798963685938, 0.6245237128498202, 0.658252186320603, 0.6110269109528437, 0.6171151504158298, 0.6458675004164214, 0.6248743692512154, 0.6447972816753605, 0.6401330949648839, 0.6219328354830311, 0.6537647215698198, 0.5955363664883743, 0.6146418068936712, 0.5678203587703975, 0.5764910634099563, 0.5626484775306787, 0.5245927758515527, 0.5381901967676532, 0.5320730473020453, 0.5386032455376575, 0.5448615687005348, 0.5527214821127439, 0.5535817522090228, 0.5344325227557434, 0.5583007727863245]
y_for_failure: [0.546229502409019, 0.5998680521217498, 0.4248879889627686, 0.38043938062208327, 0.43102441002395847, 0.5248241196592764, 0.5391909700000279, 0.5802531120998423, 0.561400830986236, 0.5579817309250188, 0.6229334862991663, 0.7096204244726283, 0.6577435262982769, 0.5512718308550238, 0.5, 0.45500139005642, 0.3900897037089539, 0.3345981708105389, 0.37211288568063944, 0.3549847911912422, 0.43611531562974415, 0.4517759235845914, 0.5496825208123587, 0.5314072538393682, 0.5496267984056504, 0.5796142175980463, 0.6087656899366872, 0.6233464829260251, 0.6077616217014317, 0.5443457914194851, 0.4307728466462588, 0.4129073199627671, 0.27052110944962426, 0.24119977358983075, 0.20949065170699804, 0.19667897571688175, 0.19110444767178653, 0.19632011152539214, 0.3526525762703918, 0.4157180185390364, 0.44863980907146145, 0.4904655678133671, 0.5, 0.5172733628294236, 0.5254838857702901, 0.4904888327268464, 0.49412617242264506, 0.4792124587093319, 0.454288114921769, 0.4419476810401092, 0.435011273590999, 0.41048676931150324, 0.39855401655389167, 0.40956499760760656, 0.38183788755847414, 0.38941218465696886, 0.38381807282952235, 0.35192010363140624, 0.3754762871501798, 0.3417478136793971, 0.3889730890471563, 0.38288484958417024, 0.35413249958357873, 0.3751256307487846, 0.35520271832463934, 0.3598669050351161, 0.3780671645169689, 0.34623527843018026, 0.4044636335116258, 0.38535819310632885, 0.4321796412296025, 0.4235089365900438, 0.43735152246932113, 0.4754072241484474, 0.4618098032323467, 0.4679269526979547, 0.4613967544623426, 0.45513843129946524, 0.44727851788725626, 0.4464182477909773, 0.4655674772442567, 0.44169922721367544]
