x: [0, 1, 2, 3, 4, 5, 6, 7, 8, 9, 10, 11, 12, 13, 14, 15, 16, 17, 18, 19, 20, 21, 22, 23, 24, 25, 26, 27, 28, 29, 30, 31, 32, 33, 34, 35, 36, 37, 38, 39, 40, 41, 42, 43, 44, 45, 46, 47, 48, 49, 50, 51, 52]
y_for_success: [0.5075212778599466, 0.4477384077158588, 0.5316219926501499, 0.5120070794488971, 0.46760735240457557, 0.42364716448684425, 0.4499520020850222, 0.3877142796043088, 0.38415982770971796, 0.440819566065467, 0.40549469513265357, 0.2755598827351239, 0.24540205220757033, 0.3948352563079202, 0.5503204107740562, 0.6084978638648547, 0.5946401768782434, 0.5585219030530417, 0.4697076639646034, 0.3674906982344173, 0.38442200239433877, 0.39337834287646745, 0.37061425497146255, 0.34239621647570984, 0.3060779044333601, 0.29237599059829417, 0.24978423456993298, 0.19243342907815486, 0.24126751226835105, 0.35001344581610216, 0.4602783120167484, 0.5228013395081025, 0.5408514150293564, 0.5730628193115347, 0.607608813602085, 0.6037291034474978, 0.5594852319873047, 0.565061630830323, 0.516283685060708, 0.5176406824664332, 0.4933717356211301, 0.4684508098607887, 0.5098639619319633, 0.479676655697734, 0.5, 0.5269150601417116, 0.5412120599403836, 0.5541046611101359, 0.5181928327287251, 0.6515260019108873, 0.5798318848983437, 0.9448816033485953, 0.9999999999999699]
y_for_failure: [0.4924787221400533, 0.5522615922841413, 0.4683780073498501, 0.4879929205511028, 0.5323926475954246, 0.5763528355131557, 0.5500479979149779, 0.6122857203956912, 0.6158401722902821, 0.5591804339345331, 0.5945053048673463, 0.7244401172648761, 0.7545979477924296, 0.6051647436920796, 0.4496795892259437, 0.3915021361351454, 0.40535982312175645, 0.4414780969469583, 0.5302923360353966, 0.6325093017655828, 0.6155779976056612, 0.6066216571235324, 0.6293857450285375, 0.65760378352429, 0.6939220955666403, 0.7076240094017059, 0.750215765430067, 0.8075665709218453, 0.7587324877316491, 0.649986554183898, 0.5397216879832516, 0.4771986604918976, 0.4591485849706436, 0.42693718068846526, 0.3923911863979151, 0.3962708965525022, 0.44051476801269546, 0.4349383691696768, 0.4837163149392921, 0.48235931753356664, 0.5066282643788699, 0.5315491901392113, 0.49013603806803663, 0.5203233443022658, 0.5, 0.4730849398582883, 0.4587879400596164, 0.4458953388898641, 0.4818071672712749, 0.3484739980891128, 0.4201681151016564, 0.05511839665140474, 3.00000089999998e-14]
