x: [0, 1, 2, 3, 4, 5, 6, 7, 8, 9, 10, 11, 12, 13, 14, 15, 16, 17, 18, 19, 20, 21, 22, 23, 24, 25, 26, 27, 28, 29, 30, 31, 32, 33, 34, 35, 36, 37, 38, 39, 40, 41, 42, 43, 44, 45, 46, 47, 48, 49, 50]
y_for_success: [0.3854094741828697, 0.4295618822696259, 0.39676888346895967, 0.49091597392158076, 0.4493517251680899, 0.41833377862933363, 0.46112570481539383, 0.4758436537501049, 0.4593813739868296, 0.4841635652317558, 0.46221613019692737, 0.44444324367083604, 0.4254491273177516, 0.4184961569868417, 0.3366557857684314, 0.31972439091643984, 0.3677412326558329, 0.3910957659866168, 0.5, 0.6229866719391568, 0.6431549428081809, 0.7275000414252231, 0.7211610624532523, 0.7319414315263357, 0.7187313194259073, 0.7249992596577484, 0.7182741541405746, 0.7309865668271545, 0.7194980405014482, 0.7203905137660732, 0.6503659024240238, 0.6065368420542282, 0.48288558792210307, 0.45449826684811706, 0.43339310121563956, 0.43098495903420303, 0.4828671074985524, 0.45253349956822514, 0.48280972637628466, 0.5461927092096451, 0.6190528661238577, 0.6929408099662636, 0.7454575775037083, 0.8568463108842056, 0.9611096264281701, 0.9175922979245615, 0.9444568559604728, 0.986824479380806, 0.9469611228409615, 0.9680227550454555, 0.9999999999999699]
y_for_failure: [0.6145905258171303, 0.5704381177303741, 0.6032311165310403, 0.5090840260784193, 0.5506482748319101, 0.5816662213706665, 0.5388742951846063, 0.5241563462498952, 0.5406186260131703, 0.5158364347682443, 0.5377838698030726, 0.5555567563291641, 0.5745508726822484, 0.5815038430131584, 0.6633442142315686, 0.6802756090835601, 0.6322587673441671, 0.6089042340133833, 0.5, 0.37701332806084326, 0.3568450571918191, 0.27249995857477716, 0.27883893754674777, 0.26805856847366427, 0.28126868057409304, 0.2750007403422518, 0.28172584585942534, 0.26901343317284543, 0.2805019594985518, 0.27960948623392656, 0.34963409757597635, 0.39346315794577175, 0.517114412077897, 0.5455017331518829, 0.5666068987843604, 0.5690150409657971, 0.5171328925014477, 0.5474665004317748, 0.5171902736237153, 0.45380729079035476, 0.3809471338761424, 0.30705919003373644, 0.25454242249629166, 0.14315368911579446, 0.03889037357182973, 0.08240770207543853, 0.055543144039527266, 0.013175520619193944, 0.05303887715903848, 0.031977244954544314, 3.00000089999998e-14]
