x: [0, 1, 2, 3, 4, 5, 6, 7, 8, 9, 10, 11, 12, 13, 14, 15, 16, 17, 18, 19, 20, 21, 22, 23, 24, 25, 26, 27, 28, 29, 30, 31, 32, 33, 34, 35, 36, 37, 38, 39, 40, 41, 42, 43, 44, 45, 46, 47, 48, 49, 50, 51, 52, 53, 54, 55, 56, 57, 58, 59, 60, 61, 62, 63, 64, 65, 66, 67, 68, 69, 70, 71, 72, 73, 74, 75, 76, 77, 78, 79, 80, 81, 82, 83, 84, 85, 86, 87]
y_for_success: [0.348939396429291, 0.434509793020253, 0.6196802602821352, 0.5082968408917375, 0.5705404380241081, 0.43531740427853083, 0.48072659263942075, 0.42569470134939363, 0.38080642660230457, 0.4718312591362151, 0.3641937136203334, 0.31397315488904076, 0.21225375940655444, 0.376471203022599, 0.5390120915278553, 0.6478197593139807, 0.6856034716362815, 0.6473275504812684, 0.6268368683903291, 0.5996572401753205, 0.5094506894951509, 0.46484426189763195, 0.4146813892435126, 0.420221315826334, 0.4279172921951112, 0.4043472069976797, 0.4024097874996803, 0.4123237859386027, 0.42480674133491103, 0.3993169589832307, 0.4560056648855026, 0.4613703565338286, 0.5134472840671923, 0.5945010165723604, 0.6416622974175691, 0.7118705840674439, 0.7726331484581624, 0.7892436735029628, 0.7570776344763325, 0.7438472059027591, 0.6945996398773655, 0.6412292151690796, 0.5979294615043688, 0.5764930922853325, 0.5195464800036184, 0.5209401703347208, 0.5161701856277144, 0.5291222506841622, 0.5215861101055351, 0.5102213046936772, 0.5513407873545504, 0.5782802144752008, 0.5706081541258043, 0.6247980087932901, 0.6270671810217601, 0.6278874951327756, 0.6885176428536895, 0.655558922968468, 0.6697850763273218, 0.6758363750947359, 0.6718990068361619, 0.6808264577666691, 0.6815614071116791, 0.6793577390459887, 0.6643322527555651, 0.6502779278509522, 0.6231557340601178, 0.6070840236253919, 0.6251132181057063, 0.5823540308506602, 0.5682591642299745, 0.5629775495715006, 0.5598495198834159, 0.5909041415737738, 0.5676890963682332, 0.5938683775659764, 0.593549229161667, 0.6040311126649179, 0.6021486296612105, 0.6014078275503592, 0.6142122527832989, 0.6138024291990268, 0.6078957777151249, 0.6286095515937546, 0.6121797212669324, 0.6344490682069965, 0.6314457633596954, 0.6465943525782759]
y_for_failure: [0.6510606035707089, 0.5654902069797471, 0.3803197397178647, 0.4917031591082624, 0.429459561975892, 0.564682595721469, 0.5192734073605793, 0.5743052986506064, 0.6191935733976955, 0.5281687408637848, 0.6358062863796666, 0.6860268451109595, 0.7877462405934453, 0.6235287969774009, 0.46098790847214466, 0.3521802406860191, 0.3143965283637186, 0.35267244951873145, 0.37316313160967074, 0.40034275982467954, 0.4905493105048492, 0.535155738102368, 0.5853186107564874, 0.5797786841736661, 0.5720827078048887, 0.5956527930023204, 0.5975902125003197, 0.5876762140613973, 0.575193258665089, 0.6006830410167692, 0.5439943351144974, 0.5386296434661717, 0.4865527159328077, 0.4054989834276397, 0.358337702582431, 0.28812941593255637, 0.22736685154183786, 0.21075632649703735, 0.24292236552366758, 0.2561527940972407, 0.30540036012263444, 0.3587707848309205, 0.40207053849563124, 0.4235069077146675, 0.48045351999638153, 0.47905982966527916, 0.48382981437228545, 0.4708777493158378, 0.47841388989446487, 0.4897786953063228, 0.44865921264544956, 0.4217197855247991, 0.42939184587419565, 0.37520199120670994, 0.3729328189782399, 0.37211250486722425, 0.31148235714631034, 0.34444107703153204, 0.3302149236726784, 0.3241636249052643, 0.32810099316383823, 0.3191735422333309, 0.31843859288832094, 0.3206422609540111, 0.3356677472444352, 0.34972207214904755, 0.376844265939882, 0.3929159763746081, 0.3748867818942936, 0.41764596914933994, 0.43174083577002553, 0.43702245042849924, 0.44015048011658403, 0.40909585842622614, 0.4323109036317669, 0.40613162243402356, 0.40645077083833303, 0.3959688873350821, 0.3978513703387893, 0.39859217244964085, 0.385787747216701, 0.3861975708009732, 0.392104222284875, 0.3713904484062453, 0.3878202787330675, 0.3655509317930035, 0.36855423664030473, 0.35340564742172415]
