x: [0, 1, 2, 3, 4, 5, 6, 7, 8, 9, 10, 11, 12, 13, 14, 15, 16, 17, 18, 19, 20, 21, 22, 23, 24, 25, 26, 27, 28, 29, 30, 31, 32, 33, 34, 35, 36, 37, 38, 39, 40, 41, 42, 43, 44, 45, 46, 47, 48, 49, 50, 51, 52, 53, 54, 55, 56, 57, 58, 59, 60, 61, 62, 63, 64, 65, 66, 67, 68, 69, 70, 71, 72, 73, 74, 75, 76, 77, 78, 79, 80, 81, 82, 83, 84, 85, 86, 87, 88]
y_for_success: [0.2977558813996653, 0.4820774782473537, 0.5369082352588624, 0.4444729878719804, 0.4569374482691011, 0.48978906189791377, 0.48482592475154646, 0.39626610946458196, 0.4089477868691188, 0.446300469092751, 0.32951001852923784, 0.27562482923100307, 0.3080306751750656, 0.5701276625047627, 0.6580712968610501, 0.6642152919776584, 0.6716364535923584, 0.5877964268922878, 0.6161980217355031, 0.5905601422797779, 0.588766880912117, 0.5236757556348693, 0.4257197286116763, 0.38708362584366995, 0.29816194505310134, 0.27063540749169435, 0.2963055572046373, 0.3132708779199176, 0.4169728727773333, 0.4854748530196179, 0.6033694773189693, 0.633094724544482, 0.6461944600133777, 0.6594364224126806, 0.7071297241299808, 0.6897773098858963, 0.642022295305797, 0.6442564241437282, 0.5378118852702198, 0.47934997704335947, 0.45141156579897807, 0.434145684545571, 0.3992571150120393, 0.3820350491747551, 0.384400037173442, 0.45166519833666713, 0.4858230360072042, 0.44248758503167285, 0.5, 0.5413141217048179, 0.5567124372640173, 0.6051108831886903, 0.6143842766806943, 0.6480030863535574, 0.6268479889590781, 0.6337240296513058, 0.6465368306667779, 0.5997297821420734, 0.5975692489640005, 0.5447305126345706, 0.5538974942451839, 0.5356625723415431, 0.5323894422191389, 0.5392593272053765, 0.5738045279337923, 0.5430484752898408, 0.5777781994187136, 0.5663599747001268, 0.5647032144611988, 0.585869107378726, 0.5921554988952121, 0.5913982359421776, 0.6145904157537356, 0.6231206140566719, 0.6150072308627805, 0.6438317984516055, 0.6341143348333146, 0.6550588121941471, 0.6464204960559559, 0.6397536101394402, 0.5849276970548513, 0.5967238062080041, 0.5512232730506675, 0.5401258215364503, 0.5, 0.4765805303898954, 0.4487194358043909, 0.4865774052546014, 0.45019652231381235]
y_for_failure: [0.7022441186003349, 0.5179225217526463, 0.4630917647411378, 0.5555270121280196, 0.5430625517308989, 0.5102109381020865, 0.5151740752484537, 0.6037338905354183, 0.5910522131308811, 0.553699530907249, 0.6704899814707622, 0.7243751707689968, 0.6919693248249345, 0.42987233749523707, 0.34192870313894985, 0.3357847080223416, 0.3283635464076416, 0.4122035731077122, 0.3838019782644968, 0.4094398577202223, 0.41123311908788296, 0.4763242443651306, 0.5742802713883237, 0.6129163741563299, 0.7018380549468988, 0.7293645925083057, 0.7036944427953628, 0.6867291220800823, 0.5830271272226667, 0.514525146980382, 0.3966305226810306, 0.36690527545551804, 0.35380553998662245, 0.3405635775873194, 0.29287027587001946, 0.3102226901141037, 0.3579777046942031, 0.3557435758562717, 0.46218811472978016, 0.5206500229566404, 0.5485884342010222, 0.565854315454429, 0.6007428849879609, 0.6179649508252448, 0.6155999628265579, 0.5483348016633329, 0.5141769639927957, 0.557512414968327, 0.5, 0.4586858782951821, 0.4432875627359827, 0.3948891168113097, 0.38561572331930577, 0.3519969136464426, 0.3731520110409218, 0.36627597034869425, 0.3534631693332222, 0.40027021785792644, 0.4024307510359995, 0.4552694873654293, 0.4461025057548163, 0.46433742765845665, 0.467610557780861, 0.46074067279462366, 0.4261954720662078, 0.45695152471015915, 0.4222218005812864, 0.4336400252998731, 0.43529678553880136, 0.41413089262127395, 0.4078445011047878, 0.4086017640578225, 0.38540958424626437, 0.3768793859433282, 0.3849927691372194, 0.3561682015483945, 0.3658856651666854, 0.344941187805853, 0.353579503944044, 0.36024638986055996, 0.41507230294514874, 0.4032761937919959, 0.44877672694933246, 0.4598741784635497, 0.5, 0.5234194696101048, 0.5512805641956092, 0.5134225947453986, 0.5498034776861878]
