x: [0, 1, 2, 3, 4, 5, 6, 7, 8, 9, 10, 11, 12, 13, 14, 15, 16, 17, 18, 19, 20, 21, 22, 23, 24, 25, 26, 27, 28, 29, 30, 31, 32, 33, 34, 35, 36, 37, 38, 39, 40, 41, 42, 43, 44, 45, 46, 47, 48, 49, 50, 51, 52, 53, 54, 55, 56, 57, 58, 59, 60, 61, 62, 63, 64, 65, 66, 67, 68, 69, 70, 71]
y_for_success: [0.36000847206443526, 0.5189975473374921, 0.49232550419767224, 0.4783819240770925, 0.5672199115068194, 0.5, 0.4838696750298703, 0.4313460840049337, 0.38748311079023623, 0.3834942052173466, 0.270494663138308, 0.27525737660593586, 0.3332596240755322, 0.35233237212367924, 0.4352655021029955, 0.5300754747995587, 0.5474137473692562, 0.5661194641595351, 0.5926802607654373, 0.5628647580389745, 0.5431185189139249, 0.5063135446030518, 0.43420162044521854, 0.3502359878055492, 0.3122457557543625, 0.2389326617128081, 0.22920042992826123, 0.256149416100446, 0.31919906776224893, 0.41353534100408745, 0.4780540159115049, 0.5238769251120845, 0.5543872026949749, 0.5427364171072148, 0.5397695303359367, 0.5104764992495955, 0.511862514780265, 0.5367017565098618, 0.48578395245842615, 0.515664474991552, 0.5, 0.5273306148771263, 0.529675378643082, 0.5431637059581366, 0.5115630502029936, 0.5477358221235487, 0.5, 0.4827403187139672, 0.48084119295255245, 0.4514614992162539, 0.44834275846452043, 0.461574389531363, 0.4517964250826099, 0.4496271494347544, 0.44342355868498573, 0.48170720328553757, 0.4648076752539188, 0.4755720893947644, 0.5, 0.4832310710537281, 0.5142529746771365, 0.5304800497997806, 0.5311996453867268, 0.5380281502338824, 0.5865149023421191, 0.5872796528401132, 0.5856405870314355, 0.5684275879632144, 0.5847867060524676, 0.5531251709504977, 0.5518026297177349, 0.5456574992767744]
y_for_failure: [0.6399915279355648, 0.48100245266250763, 0.5076744958023278, 0.5216180759229077, 0.43278008849318056, 0.5, 0.5161303249701297, 0.5686539159950664, 0.6125168892097638, 0.6165057947826535, 0.7295053368616922, 0.724742623394064, 0.6667403759244679, 0.6476676278763208, 0.5647344978970045, 0.46992452520044137, 0.4525862526307439, 0.4338805358404648, 0.4073197392345627, 0.4371352419610255, 0.4568814810860751, 0.49368645539694844, 0.5657983795547815, 0.6497640121944507, 0.6877542442456374, 0.761067338287192, 0.770799570071739, 0.7438505838995539, 0.6808009322377511, 0.5864646589959126, 0.5219459840884951, 0.4761230748879154, 0.44561279730502507, 0.45726358289278535, 0.4602304696640634, 0.4895235007504045, 0.488137485219735, 0.4632982434901382, 0.5142160475415738, 0.484335525008448, 0.5, 0.47266938512287376, 0.47032462135691794, 0.45683629404186327, 0.4884369497970064, 0.4522641778764513, 0.5, 0.5172596812860328, 0.5191588070474475, 0.5485385007837462, 0.5516572415354796, 0.538425610468637, 0.5482035749173899, 0.5503728505652455, 0.5565764413150143, 0.5182927967144627, 0.5351923247460812, 0.5244279106052354, 0.5, 0.5167689289462719, 0.48574702532286357, 0.46951995020021936, 0.46880035461327324, 0.4619718497661177, 0.41348509765788094, 0.4127203471598867, 0.41435941296856443, 0.43157241203678576, 0.4152132939475325, 0.44687482904950215, 0.4481973702822653, 0.4543425007232256]
