x: [0, 1, 2, 3, 4, 5, 6, 7, 8, 9, 10, 11, 12, 13, 14, 15, 16, 17, 18, 19, 20, 21, 22, 23, 24, 25, 26, 27, 28, 29, 30, 31, 32, 33, 34, 35, 36, 37, 38, 39, 40, 41, 42, 43, 44, 45, 46, 47, 48, 49, 50, 51, 52, 53, 54, 55, 56, 57, 58, 59, 60, 61, 62, 63, 64, 65]
y_for_success: [0.3896380865312954, 0.4715757630887373, 0.40671345248213875, 0.5091306106809148, 0.47813932341266235, 0.4781316652574516, 0.47835915492789094, 0.4626880612593099, 0.47003822361681274, 0.5098607032844561, 0.4532391388062472, 0.4095770951949702, 0.43315417073409124, 0.42561556221174973, 0.3319508197151601, 0.3352281060684407, 0.33734074765737543, 0.36275764551386885, 0.5112063449772302, 0.6459537545070279, 0.6957335331455784, 0.7380741473578142, 0.7827980254873431, 0.7287857800228909, 0.7149745830168367, 0.6597569969346255, 0.6427241033146688, 0.6621377218759544, 0.6521387342735951, 0.6600365721698597, 0.6561293974021508, 0.5929715194312848, 0.5883267365560753, 0.5590050014089264, 0.5, 0.4583771078175046, 0.45881923166480476, 0.41960063186833985, 0.47531164889589006, 0.5475479450227106, 0.6200313703932908, 0.7239799512935537, 0.7796401104477882, 0.8535828439074749, 0.9346854223623656, 0.8918679686152475, 0.8666441203381254, 0.912026483681126, 0.8253468081062278, 0.8593468247612505, 0.9104687030369651, 0.8794810417458667, 0.8812415334581047, 0.8806999458873284, 0.8928568389748494, 0.8896932021328177, 0.8502700824592722, 0.8625726988004212, 0.8977999316732056, 0.854357227220949, 0.8547117238885237, 0.8902163119914581, 0.8753920775891072, 0.8327330658157447, 0.8828732570079203, 0.8294897985429017]
y_for_failure: [0.6103619134687046, 0.5284242369112628, 0.5932865475178615, 0.49086938931908514, 0.5218606765873376, 0.5218683347425485, 0.5216408450721091, 0.53731193874069, 0.5299617763831872, 0.49013929671554407, 0.5467608611937528, 0.5904229048050298, 0.5668458292659089, 0.5743844377882502, 0.6680491802848398, 0.6647718939315593, 0.6626592523426246, 0.6372423544861312, 0.48879365502276995, 0.3540462454929721, 0.3042664668544215, 0.26192585264218604, 0.21720197451265694, 0.27121421997710915, 0.2850254169831634, 0.3402430030653745, 0.35727589668533133, 0.3378622781240457, 0.3478612657264049, 0.33996342783014016, 0.3438706025978494, 0.40702848056871527, 0.41167326344392463, 0.4409949985910737, 0.5, 0.5416228921824953, 0.5411807683351954, 0.5803993681316602, 0.52468835110411, 0.4524520549772894, 0.37996862960670924, 0.2760200487064459, 0.2203598895522113, 0.14641715609252506, 0.06531457763763421, 0.10813203138475254, 0.1333558796618744, 0.08797351631887383, 0.17465319189377232, 0.1406531752387495, 0.08953129696303484, 0.12051895825413336, 0.11875846654189522, 0.11930005411267161, 0.10714316102515081, 0.11030679786718232, 0.14972991754072787, 0.137427301199579, 0.10220006832679457, 0.14564277277905105, 0.14528827611147624, 0.10978368800854182, 0.1246079224108929, 0.16726693418425545, 0.11712674299207976, 0.1705102014570982]
