x: [0, 1, 2, 3, 4, 5, 6, 7, 8, 9, 10, 11, 12, 13, 14, 15, 16, 17, 18, 19, 20, 21, 22, 23, 24, 25, 26, 27, 28, 29, 30, 31, 32, 33, 34, 35, 36, 37, 38, 39, 40, 41, 42, 43]
y_for_success: [0.3392702757781771, 0.5916487322808256, 0.4442603420912173, 0.4855305450226053, 0.5, 0.5259642219247483, 0.4783665193251275, 0.4175141325032335, 0.40409311581331636, 0.3511542473687265, 0.25429526835602473, 0.2690368199257438, 0.5302193419412693, 0.7150746092697086, 0.7515159283462549, 0.7606058768352916, 0.7227681186160801, 0.7239510051495878, 0.7498397181237424, 0.7479258677260083, 0.7633032299111414, 0.7388489063707581, 0.6734575545736382, 0.614344542173321, 0.5300520474438895, 0.4218064378301191, 0.3152769016619426, 0.2632366839410287, 0.31334874696006526, 0.41886930420540114, 0.5108981434797736, 0.5719907240338997, 0.617549936081507, 0.632778032401476, 0.6530466599944654, 0.6624913418019102, 0.6924844290773542, 0.6828686530696473, 0.6896904713638999, 0.6944447607127541, 0.7246731291942587, 0.7219888207478358, 0.7270902776694673, 0.7307737536055392]
y_for_failure: [0.6607297242218229, 0.40835126771917424, 0.5557396579087828, 0.5144694549773949, 0.5, 0.4740357780752517, 0.5216334806748726, 0.5824858674967665, 0.5959068841866836, 0.6488457526312734, 0.7457047316439751, 0.7309631800742562, 0.46978065805873076, 0.28492539073029144, 0.24848407165374511, 0.23939412316470848, 0.2772318813839199, 0.2760489948504123, 0.25016028187625744, 0.2520741322739914, 0.2366967700888586, 0.2611510936292418, 0.32654244542636174, 0.385655457826679, 0.4699479525561105, 0.5781935621698809, 0.6847230983380574, 0.736763316058971, 0.6866512530399347, 0.5811306957945989, 0.4891018565202264, 0.42800927596610006, 0.3824500639184931, 0.36722196759852416, 0.34695334000553457, 0.33750865819808995, 0.3075155709226459, 0.31713134693035294, 0.3103095286360998, 0.30555523928724576, 0.27532687080574114, 0.27801117925216406, 0.27290972233053257, 0.26922624639446086]
