x: [0, 1, 2, 3, 4, 5, 6, 7, 8, 9, 10, 11, 12, 13, 14, 15, 16, 17, 18, 19, 20, 21, 22, 23, 24, 25, 26, 27, 28, 29, 30, 31, 32, 33, 34, 35, 36, 37, 38, 39, 40, 41, 42, 43, 44]
y_for_success: [0.46183188278387266, 0.4589355726164574, 0.41668107431473345, 0.5080696139726482, 0.5163487381693608, 0.5, 0.5593990694803866, 0.4569232013572252, 0.4866999163861091, 0.4848550333328736, 0.4398146596956301, 0.41711469732750944, 0.4265073535818982, 0.44457100402101724, 0.37290633453004496, 0.3349569870320325, 0.3841461793538344, 0.43305105429437407, 0.5784398866854301, 0.6225507718487776, 0.5999037704086404, 0.6845167501939983, 0.7012104928193851, 0.6772261310516132, 0.6871857517758724, 0.6967942029510753, 0.6918627510970818, 0.7155528735971383, 0.6907187623402127, 0.6887253215102641, 0.664926453711167, 0.5776430080755134, 0.5492757897512063, 0.5349208648314772, 0.5104213930769326, 0.4935302425852455, 0.528544531096313, 0.4873097767253501, 0.5142687599027473, 0.5686526419069662, 0.7028984755476234, 0.7998255389963066, 0.8962274160787151, 0.959542516297447, 0.9947768553888884]
y_for_failure: [0.5381681172161273, 0.5410644273835427, 0.5833189256852664, 0.49193038602735173, 0.48365126183063906, 0.5, 0.44060093051961335, 0.5430767986427748, 0.5133000836138909, 0.5151449666671265, 0.5601853403043702, 0.5828853026724906, 0.573492646418102, 0.5554289959789828, 0.6270936654699553, 0.6650430129679675, 0.6158538206461656, 0.5669489457056259, 0.4215601133145698, 0.3774492281512225, 0.4000962295913596, 0.3154832498060016, 0.29878950718061503, 0.3227738689483866, 0.3128142482241279, 0.30320579704892464, 0.3081372489029182, 0.28444712640286207, 0.3092812376597873, 0.31127467848973617, 0.3350735462888332, 0.4223569919244868, 0.45072421024879367, 0.4650791351685229, 0.48957860692306754, 0.5064697574147543, 0.4714554689036869, 0.5126902232746497, 0.48573124009725266, 0.4313473580930338, 0.2971015244523765, 0.20017446100369327, 0.10377258392128508, 0.040457483702552796, 0.005223144611111601]
