x: [0, 1, 2, 3, 4, 5, 6, 7, 8, 9, 10, 11, 12, 13, 14, 15, 16, 17, 18, 19, 20, 21, 22, 23, 24, 25, 26, 27, 28, 29, 30, 31, 32, 33, 34, 35, 36, 37, 38, 39, 40, 41, 42, 43, 44, 45, 46, 47, 48, 49, 50, 51]
y_for_success: [0.40113052000687344, 0.40809450647057127, 0.4638826905200646, 0.5200262646094783, 0.5090451242128053, 0.46475411592735444, 0.38505392650369386, 0.37092930820932807, 0.4029771642729271, 0.37029322777487983, 0.30595902175137957, 0.25605623764371577, 0.4394505766916309, 0.6285827449108983, 0.7634625183216057, 0.811654088464916, 0.8001861875280948, 0.7261104195359095, 0.7063248934267139, 0.7275994405010112, 0.6852410042340745, 0.6381360342916381, 0.626767315489257, 0.6315840537376828, 0.5, 0.4595615418134627, 0.4184754121159754, 0.3356905437650138, 0.3616266941844238, 0.4227713965278091, 0.5186166129884222, 0.5729341086938401, 0.6007417037954005, 0.6066411526335233, 0.6115892884128232, 0.6478515066683758, 0.6559584568719126, 0.6492377190953379, 0.6481668659177025, 0.6446058111373432, 0.681888728507176, 0.7113704346518613, 0.7503703506808559, 0.7562480068060233, 0.7595437638286353, 0.7810197799769365, 0.8021199265545935, 0.8281410703704875, 0.8350985371968414, 0.9349733773677076, 0.9999999968412563, 0.9999999999999699]
y_for_failure: [0.5988694799931265, 0.5919054935294286, 0.5361173094799354, 0.4799737353905216, 0.49095487578719454, 0.5352458840726454, 0.6149460734963061, 0.6290706917906719, 0.597022835727073, 0.6297067722251202, 0.6940409782486209, 0.7439437623562841, 0.5605494233083691, 0.3714172550891018, 0.23653748167839406, 0.18834591153508376, 0.1998138124719052, 0.2738895804640907, 0.29367510657328616, 0.2724005594989887, 0.3147589957659253, 0.36186396570836205, 0.37323268451074293, 0.3684159462623173, 0.5, 0.5404384581865371, 0.5815245878840246, 0.664309456234986, 0.6383733058155763, 0.5772286034721911, 0.48138338701157785, 0.4270658913061598, 0.39925829620459957, 0.3933588473664767, 0.38841071158717677, 0.3521484933316245, 0.34404154312808727, 0.35076228090466216, 0.3518331340822975, 0.3553941888626568, 0.3181112714928238, 0.2886295653481387, 0.2496296493191441, 0.24375199319397672, 0.24045623617136483, 0.2189802200230634, 0.19788007344540642, 0.17185892962951244, 0.16490146280315865, 0.06502662263229232, 3.1587437559734924e-09, 3.00000089999998e-14]
