x: [0, 1, 2, 3, 4, 5, 6, 7, 8, 9, 10, 11, 12, 13, 14, 15, 16, 17, 18, 19, 20, 21, 22, 23, 24, 25, 26, 27, 28, 29, 30, 31, 32, 33, 34, 35, 36, 37, 38, 39, 40, 41, 42, 43, 44, 45, 46, 47, 48]
y_for_success: [0.377425220612432, 0.4722307608410881, 0.5, 0.5, 0.43149866157258476, 0.44659483702171604, 0.5406586591708953, 0.45984037028398644, 0.45531256546452004, 0.43490114600250007, 0.42353276547373975, 0.4459917341683223, 0.4180749800588728, 0.3710939509860537, 0.32937015348941356, 0.3202061949897392, 0.35852597605476705, 0.3772271357526559, 0.4845667819356899, 0.6394010146461814, 0.6778298737392322, 0.731163967231661, 0.737777500364351, 0.7149760994469891, 0.7409430753357307, 0.7089821002136644, 0.725605972484995, 0.7281584751484688, 0.6915091061868412, 0.6677404183498784, 0.6391963099059131, 0.5922475055723194, 0.5441346741168414, 0.5341401112312298, 0.49126184766383946, 0.48803767772931606, 0.5147434012026421, 0.46572105904096045, 0.48072003098112887, 0.5555369694321148, 0.6458700532161235, 0.7272497140223603, 0.8271069796563876, 0.9330702087691064, 0.9907216845410389, 0.9787130403945897, 0.9902725970443687, 0.9999999930892044, 0.9999999999999699]
y_for_failure: [0.622574779387568, 0.5277692391589117, 0.5, 0.5, 0.5685013384274151, 0.553405162978284, 0.45934134082910477, 0.5401596297160135, 0.5446874345354797, 0.5650988539974999, 0.5764672345262603, 0.5540082658316776, 0.5819250199411273, 0.6289060490139463, 0.6706298465105864, 0.6797938050102607, 0.641474023945233, 0.6227728642473442, 0.51543321806431, 0.3605989853538185, 0.322170126260768, 0.2688360327683391, 0.2622224996356488, 0.28502390055301075, 0.2590569246642694, 0.29101789978633547, 0.2743940275150048, 0.271841524851531, 0.3084908938131589, 0.3322595816501215, 0.36080369009408697, 0.40775249442768063, 0.45586532588315865, 0.46585988876877016, 0.5087381523361607, 0.5119623222706838, 0.48525659879735783, 0.5342789409590396, 0.5192799690188712, 0.4444630305678852, 0.3541299467838767, 0.2727502859776397, 0.1728930203436125, 0.06692979123089363, 0.009278315458961073, 0.021286959605410334, 0.00972740295563139, 6.910795537457082e-09, 3.00000089999998e-14]
