x: [0, 1, 2, 3, 4, 5, 6, 7, 8, 9, 10, 11, 12, 13, 14, 15, 16, 17, 18, 19, 20, 21, 22, 23, 24, 25, 26, 27, 28, 29, 30, 31, 32, 33, 34, 35, 36, 37, 38, 39, 40, 41, 42, 43, 44, 45, 46, 47, 48, 49, 50, 51, 52, 53, 54, 55, 56, 57, 58, 59, 60, 61, 62, 63, 64, 65, 66, 67, 68, 69, 70]
y_for_success: [0.3068084650334434, 0.45003470317167893, 0.4897057035372108, 0.46812930656126467, 0.5191338842360779, 0.43430585516690773, 0.4660091456543673, 0.42651587619192033, 0.3801258105689675, 0.4173720914415068, 0.32236139113247975, 0.24813840922797137, 0.3687840034490194, 0.5774010330108319, 0.6135975796037456, 0.6282960254726874, 0.6515935625387191, 0.6069771286654535, 0.5638614440900549, 0.5682444046734652, 0.5238956970867479, 0.4662276422680328, 0.37499614375306, 0.32291021987520835, 0.30966459845130356, 0.28021457787505233, 0.1976720813885711, 0.2046909595022594, 0.28423743771905896, 0.41366735688728945, 0.5794921650927983, 0.6111766131910131, 0.6352798722777487, 0.6572779396647085, 0.6683099212652602, 0.6595336350001046, 0.6308703180587353, 0.6467656760935298, 0.6039876837810366, 0.5130389590729794, 0.5326644799595669, 0.4908288798540488, 0.45546161244828415, 0.42490878059392834, 0.4147921304159744, 0.4430405081292929, 0.45552549849786295, 0.4464578834051358, 0.5, 0.5467494743341726, 0.5653633944804094, 0.5902448359751686, 0.6176150526843831, 0.5929458951072843, 0.5835800129878493, 0.6217889753033823, 0.580005846255932, 0.6181260905099186, 0.5704844247614712, 0.569751672386774, 0.5573232071910232, 0.5197046624358527, 0.5, 0.47799719452913153, 0.4897270150985085, 0.4581691782436285, 0.47519108073767585, 0.5104208061138588, 0.5, 0.5084506976666078, 0.5118658964554331]
y_for_failure: [0.6931915349665566, 0.549965296828321, 0.5102942964627891, 0.5318706934387353, 0.4808661157639222, 0.5656941448330922, 0.5339908543456326, 0.5734841238080796, 0.6198741894310326, 0.5826279085584932, 0.6776386088675201, 0.7518615907720287, 0.6312159965509806, 0.4225989669891681, 0.38640242039625444, 0.3717039745273126, 0.3484064374612809, 0.39302287133454655, 0.4361385559099451, 0.4317555953265348, 0.47610430291325206, 0.5337723577319673, 0.6250038562469399, 0.6770897801247916, 0.6903354015486963, 0.7197854221249478, 0.8023279186114288, 0.7953090404977404, 0.7157625622809409, 0.5863326431127105, 0.42050783490720156, 0.3888233868089869, 0.36472012772225115, 0.34272206033529135, 0.33169007873473993, 0.3404663649998952, 0.3691296819412647, 0.35323432390647047, 0.39601231621896354, 0.4869610409270206, 0.46733552004043327, 0.509171120145951, 0.5445383875517158, 0.5750912194060717, 0.5852078695840257, 0.556959491870707, 0.544474501502137, 0.5535421165948643, 0.5, 0.45325052566582735, 0.43463660551959055, 0.4097551640248313, 0.3823849473156169, 0.40705410489271565, 0.41641998701215066, 0.3782110246966176, 0.419994153744068, 0.3818739094900815, 0.42951557523852885, 0.43024832761322596, 0.4426767928089766, 0.48029533756414733, 0.5, 0.5220028054708687, 0.5102729849014914, 0.5418308217563714, 0.5248089192623242, 0.4895791938861413, 0.5, 0.49154930233339234, 0.4881341035445667]
