x: [0, 1, 2, 3, 4, 5, 6, 7, 8, 9, 10, 11, 12, 13, 14, 15, 16, 17, 18, 19, 20, 21, 22, 23, 24, 25, 26, 27, 28, 29, 30, 31, 32, 33, 34, 35, 36, 37, 38, 39, 40, 41, 42, 43, 44, 45, 46, 47]
y_for_success: [0.3882735673945429, 0.43138455525762864, 0.369208045328661, 0.48971095653890795, 0.44167965951073657, 0.46898560459148986, 0.46831451968710386, 0.4244829257498036, 0.4670033107066241, 0.47197989915570937, 0.432129690234699, 0.40357625009115994, 0.39729884662071147, 0.3775115478655709, 0.3028599298474946, 0.29637340998236206, 0.33121858078911376, 0.3516845752546223, 0.5, 0.6455253725261919, 0.7113568886600043, 0.7454562614440029, 0.7263256300230848, 0.6684314370296565, 0.663715074689944, 0.6668513098152946, 0.6581122747781617, 0.6689266861656661, 0.6000762825202484, 0.5701251788742632, 0.5358069518139604, 0.46274853466616767, 0.47060415504319325, 0.46101311878575496, 0.4423549597856233, 0.3977908948298082, 0.4559892455934407, 0.4718118525221872, 0.5189790175245967, 0.5676103895923074, 0.6681021310851836, 0.6915197835916247, 0.7522174836659177, 0.8689183544909868, 0.9441240010486341, 0.9371026324384885, 0.9650549881620372, 0.9749856255163717]
y_for_failure: [0.6117264326054572, 0.5686154447423714, 0.6307919546713391, 0.5102890434610919, 0.5583203404892636, 0.5310143954085099, 0.5316854803128961, 0.5755170742501963, 0.5329966892933758, 0.5280201008442906, 0.5678703097653011, 0.5964237499088401, 0.6027011533792886, 0.622488452134429, 0.6971400701525049, 0.7036265900176377, 0.6687814192108863, 0.6483154247453776, 0.5, 0.3544746274738081, 0.2886431113399958, 0.2545437385559972, 0.2736743699769153, 0.3315685629703433, 0.3362849253100561, 0.33314869018470533, 0.3418877252218385, 0.3310733138343338, 0.39992371747975164, 0.42987482112573694, 0.4641930481860395, 0.5372514653338322, 0.5293958449568068, 0.5389868812142449, 0.5576450402143768, 0.6022091051701919, 0.5440107544065594, 0.5281881474778127, 0.48102098247540326, 0.43238961040769275, 0.33189786891481676, 0.3084802164083754, 0.24778251633408252, 0.13108164550901322, 0.05587599895136574, 0.06289736756151157, 0.034945011837962996, 0.02501437448362849]
