x: [0, 1, 2, 3, 4, 5, 6, 7, 8, 9, 10, 11, 12, 13, 14, 15, 16, 17, 18, 19, 20, 21, 22, 23, 24, 25, 26, 27, 28, 29, 30, 31, 32, 33, 34, 35, 36, 37, 38, 39, 40, 41, 42, 43, 44, 45, 46, 47, 48, 49, 50, 51]
y_for_success: [0.343423060207064, 0.5, 0.45785300292647346, 0.5126929198270275, 0.45959097022138323, 0.4631250895447243, 0.5292751093638769, 0.444367420194674, 0.38897864339080707, 0.45069576225679964, 0.3161401056634701, 0.22761334654168508, 0.33112135093992373, 0.5788405097553017, 0.6317902903221316, 0.6450839730925385, 0.5263126700087588, 0.48163822614727314, 0.4258528835103098, 0.4191204308157247, 0.4615081302446324, 0.4153005920672079, 0.40845291076554285, 0.3877188580859725, 0.36445033350491285, 0.3534631727685423, 0.3027668787482682, 0.3637922340894999, 0.4443140857301502, 0.4754362358944115, 0.5383677968120203, 0.5524176119893082, 0.6075956031780381, 0.6057180882138211, 0.6216100131562653, 0.5823960932231782, 0.5652195090314189, 0.5472826360371882, 0.5304107174816931, 0.5492777814564578, 0.5366231828663246, 0.5343556295027242, 0.5595421231434753, 0.5342810527371096, 0.5800129566498836, 0.5809675833442297, 0.5744349975924771, 0.5782752964206749, 0.6188906700536921, 0.6256474513143945, 0.6787472246348735, 0.6654346835010434]
y_for_failure: [0.6565769397929361, 0.5, 0.5421469970735264, 0.4873070801729725, 0.5404090297786168, 0.5368749104552757, 0.4707248906361232, 0.5556325798053261, 0.611021356609193, 0.5493042377432004, 0.6838598943365299, 0.7723866534583148, 0.6688786490600763, 0.42115949024469845, 0.36820970967786826, 0.35491602690746143, 0.4736873299912412, 0.518361773852727, 0.5741471164896901, 0.5808795691842752, 0.5384918697553678, 0.5846994079327921, 0.5915470892344572, 0.6122811419140276, 0.6355496664950872, 0.6465368272314577, 0.6972331212517319, 0.6362077659105002, 0.5556859142698498, 0.5245637641055885, 0.46163220318797976, 0.4475823880106918, 0.392404396821962, 0.39428191178617894, 0.37838998684373465, 0.41760390677682174, 0.4347804909685811, 0.45271736396281176, 0.46958928251830684, 0.4507222185435424, 0.4633768171336755, 0.46564437049727575, 0.44045787685652465, 0.46571894726289037, 0.41998704335011633, 0.41903241665577035, 0.4255650024075229, 0.4217247035793251, 0.3811093299463078, 0.3743525486856053, 0.3212527753651267, 0.33456531649895643]
