x: [0, 1, 2, 3, 4, 5, 6, 7, 8, 9, 10, 11, 12, 13, 14, 15, 16, 17, 18, 19, 20, 21, 22, 23, 24, 25, 26, 27, 28, 29, 30, 31, 32, 33, 34, 35, 36, 37, 38, 39, 40, 41, 42, 43]
y_for_success: [0.40396417139196944, 0.4126756329918365, 0.43064514928546427, 0.5, 0.4808430829081742, 0.47938394365861575, 0.5168502781990437, 0.46660486614384655, 0.4613609669917989, 0.4934415700201046, 0.4622558345144515, 0.43981061836509966, 0.4328544786054593, 0.4160652526417142, 0.3864774575675231, 0.36416092956003115, 0.3398130067718034, 0.31467588701727345, 0.4229739906485245, 0.5613537626716631, 0.6345287893558434, 0.7047310094049903, 0.688524750603707, 0.6654346793626215, 0.6932551704089771, 0.646153121396795, 0.6431884362388053, 0.6282973805465488, 0.6071591718420958, 0.6314569619509514, 0.5991944053552001, 0.5355018294479532, 0.5269111483000889, 0.46747020551667245, 0.4450845978982953, 0.42888964036893235, 0.4220532312833253, 0.4256377967102999, 0.43834606430132084, 0.5198567729453817, 0.649876622404321, 0.7836108815450089, 0.8778584489312727, 0.9639093021997251]
y_for_failure: [0.5960358286080306, 0.5873243670081635, 0.5693548507145356, 0.5, 0.5191569170918258, 0.5206160563413842, 0.4831497218009561, 0.5333951338561533, 0.5386390330082013, 0.5065584299798952, 0.5377441654855485, 0.5601893816349002, 0.5671455213945408, 0.5839347473582858, 0.6135225424324768, 0.6358390704399688, 0.6601869932281966, 0.6853241129827267, 0.5770260093514755, 0.4386462373283368, 0.3654712106441567, 0.2952689905950096, 0.3114752493962931, 0.3345653206373783, 0.3067448295910228, 0.3538468786032051, 0.3568115637611947, 0.3717026194534514, 0.3928408281579043, 0.36854303804904875, 0.4008055946447999, 0.46449817055204673, 0.47308885169991116, 0.5325297944833276, 0.5549154021017045, 0.5711103596310677, 0.5779467687166747, 0.5743622032897001, 0.5616539356986792, 0.4801432270546181, 0.350123377595679, 0.216389118454991, 0.12214155106872736, 0.03609069780027486]
