x: [0, 1, 2, 3, 4, 5, 6, 7, 8, 9, 10, 11, 12, 13, 14, 15, 16, 17, 18, 19, 20, 21, 22, 23, 24, 25, 26, 27, 28, 29, 30, 31, 32, 33, 34, 35, 36, 37, 38, 39, 40, 41, 42, 43, 44, 45, 46, 47, 48, 49, 50, 51, 52, 53, 54, 55, 56, 57, 58, 59, 60, 61, 62, 63, 64, 65, 66, 67, 68, 69, 70, 71]
y_for_success: [0.3323833756714483, 0.4785705771192712, 0.5111946580262136, 0.5679879827153825, 0.5173132993995991, 0.39625555551672287, 0.4589782660276738, 0.4051131512001887, 0.4086897485097797, 0.45934981036190353, 0.3145995959522014, 0.32870764036883515, 0.26416822540443924, 0.34213324895897446, 0.5, 0.6326984077730704, 0.6955238215028198, 0.7264834419283985, 0.7044511768879838, 0.7179422746354388, 0.6421625963595472, 0.586136812298618, 0.5, 0.49147328415501235, 0.4401412464504325, 0.45553310021948784, 0.4503810450169266, 0.45313039992189735, 0.45646696778347295, 0.4541789348714748, 0.5855899957315448, 0.6932622064750513, 0.7661285227791215, 0.7804853731600788, 0.7843967070854418, 0.7395993602717119, 0.7507887666876759, 0.6590782996033778, 0.5923021222932287, 0.5764074370003528, 0.5274962894107935, 0.5234053386729748, 0.5430231394874172, 0.5613124909337845, 0.59040420495139, 0.588676491146307, 0.6064435626573369, 0.5914392817514432, 0.6265618086310665, 0.6084739339535934, 0.6466238424836088, 0.670882954923178, 0.6608240043830216, 0.6871598942114407, 0.6930778626224007, 0.6853514369247957, 0.6985616294087512, 0.7128010717087325, 0.72832276922037, 0.7174829183051739, 0.7405368377237266, 0.6758185555005451, 0.6553125516650385, 0.6448375012395646, 0.6277292714846892, 0.6214107904676589, 0.5953629499981541, 0.6115609268773041, 0.5832780419560206, 0.5926315983928125, 0.5868500186917611, 0.580959966348454]
y_for_failure: [0.6676166243285517, 0.5214294228807287, 0.48880534197378656, 0.43201201728461747, 0.48268670060040086, 0.6037444444832771, 0.5410217339723262, 0.5948868487998114, 0.5913102514902204, 0.5406501896380965, 0.6854004040477986, 0.6712923596311648, 0.7358317745955606, 0.6578667510410255, 0.5, 0.36730159222692954, 0.3044761784971803, 0.27351655807160136, 0.2955488231120162, 0.28205772536456103, 0.35783740364045286, 0.41386318770138214, 0.5, 0.5085267158449877, 0.5598587535495674, 0.5444668997805121, 0.5496189549830734, 0.5468696000781027, 0.543533032216527, 0.5458210651285251, 0.41441000426845526, 0.30673779352494857, 0.23387147722087853, 0.21951462683992098, 0.21560329291455818, 0.26040063972828825, 0.24921123331232437, 0.3409217003966221, 0.40769787770677113, 0.42359256299964715, 0.47250371058920637, 0.47659466132702527, 0.4569768605125828, 0.4386875090662155, 0.40959579504861005, 0.4113235088536929, 0.39355643734266327, 0.40856071824855666, 0.3734381913689334, 0.3915260660464067, 0.35337615751639123, 0.32911704507682193, 0.3391759956169784, 0.31284010578855936, 0.3069221373775995, 0.31464856307520433, 0.30143837059124867, 0.28719892829126736, 0.27167723077962985, 0.2825170816948261, 0.25946316227627325, 0.3241814444994548, 0.3446874483349617, 0.35516249876043526, 0.37227072851531096, 0.3785892095323412, 0.4046370500018459, 0.38843907312269604, 0.41672195804397927, 0.40736840160718757, 0.4131499813082388, 0.419040033651546]
