x: [0, 1, 2, 3, 4, 5, 6, 7, 8, 9, 10, 11, 12, 13, 14, 15, 16, 17, 18, 19, 20, 21, 22, 23, 24, 25, 26, 27, 28, 29, 30, 31, 32, 33, 34, 35, 36, 37, 38, 39, 40, 41, 42, 43, 44, 45, 46, 47, 48, 49, 50, 51, 52, 53, 54, 55, 56, 57]
y_for_success: [0.365784150104995, 0.564460101603902, 0.486304630408192, 0.4740683134021416, 0.4375430342287945, 0.45340793085725806, 0.41943088263606276, 0.38510792310554776, 0.40100932008132867, 0.4509019463985536, 0.336747601273204, 0.18831232213937604, 0.25709918506724316, 0.5089553941911816, 0.648538614566846, 0.7281206408458676, 0.6841793946231717, 0.5429008262415514, 0.40488591660563117, 0.40051493806951655, 0.4719678797555949, 0.4751329026944983, 0.4360500108763378, 0.38097785318953625, 0.3524471283361538, 0.3379778128489822, 0.2731464289077784, 0.28294000848777495, 0.3831792176599584, 0.4432358920678682, 0.46951806344306546, 0.5250784258795586, 0.595399783474738, 0.629944397508809, 0.6689423525309145, 0.6401659544169693, 0.6130176018698491, 0.6009667875753849, 0.6035316053621461, 0.6014655851396375, 0.5742728252812456, 0.5767729860843521, 0.5767412755334667, 0.5767122139324193, 0.5945420079620738, 0.5553438432750633, 0.5911642834025291, 0.553952178873397, 0.6458708462210404, 0.6101422084677646, 0.6590779421875278, 0.7102730585013036, 0.645623293247264, 0.662007846862539, 0.614569334805306, 0.6289058487171647, 0.6080596352837735, 0.5943732944455368]
y_for_failure: [0.6342158498950049, 0.4355398983960979, 0.5136953695918078, 0.5259316865978584, 0.5624569657712057, 0.5465920691427417, 0.5805691173639371, 0.6148920768944522, 0.5989906799186714, 0.5490980536014463, 0.6632523987267959, 0.8116876778606241, 0.7429008149327567, 0.4910446058088183, 0.35146138543315397, 0.2718793591541323, 0.31582060537682843, 0.4570991737584485, 0.5951140833943688, 0.5994850619304833, 0.5280321202444052, 0.5248670973055017, 0.5639499891236622, 0.6190221468104637, 0.6475528716638461, 0.6620221871510178, 0.7268535710922216, 0.7170599915122249, 0.6168207823400415, 0.5567641079321319, 0.5304819365569345, 0.47492157412044145, 0.40460021652526207, 0.37005560249119085, 0.33105764746908534, 0.3598340455830308, 0.38698239813015073, 0.3990332124246151, 0.3964683946378539, 0.3985344148603625, 0.4257271747187544, 0.42322701391564804, 0.4232587244665335, 0.4232877860675806, 0.40545799203792626, 0.4446561567249367, 0.4088357165974709, 0.44604782112660313, 0.3541291537789595, 0.3898577915322355, 0.3409220578124721, 0.2897269414986963, 0.35437670675273614, 0.33799215313746117, 0.385430665194694, 0.3710941512828354, 0.3919403647162267, 0.4056267055544632]
