x: [0, 1, 2, 3, 4, 5, 6, 7, 8, 9, 10, 11, 12, 13, 14, 15, 16, 17, 18, 19, 20, 21, 22, 23, 24, 25, 26, 27, 28, 29, 30, 31, 32, 33, 34, 35, 36, 37, 38, 39, 40, 41, 42, 43, 44, 45, 46, 47, 48, 49, 50, 51, 52, 53, 54, 55, 56, 57, 58, 59, 60, 61, 62, 63, 64, 65, 66, 67, 68]
y_for_success: [0.3410334357009531, 0.3656176655838207, 0.4049497622737758, 0.4842222976480985, 0.41515277806970663, 0.44437638807005786, 0.433099077733755, 0.4018504562172377, 0.4479739068063201, 0.48815437274808127, 0.4874923177870938, 0.4381065193030307, 0.43631080201985767, 0.430274922430505, 0.35996929904432534, 0.3510981987767978, 0.3669138129629446, 0.3946118949119293, 0.540423891248021, 0.6308953995518692, 0.6228224507452964, 0.6885610331967538, 0.7466499548571315, 0.7274642026585655, 0.741849117328334, 0.7104175748953021, 0.7394016660802423, 0.7097480398412082, 0.6462466166917468, 0.6627681595035637, 0.5876170506627725, 0.5419291865064427, 0.5, 0.5, 0.48318385169258127, 0.5135529002986202, 0.5511050305212584, 0.5177870358537409, 0.5468191259618892, 0.588975369470938, 0.6668008877491993, 0.7422450505657149, 0.8183531537495147, 0.8739896934806533, 0.9609233537416088, 0.9107814037891001, 0.9087076608244918, 0.9292629747464053, 0.8676914628186501, 0.8875466369145337, 0.9287780096493077, 0.8787266756695974, 0.8358356332011521, 0.8288788164918732, 0.8639684087143743, 0.8740145443624264, 0.874800135694585, 0.8966179195439541, 0.9156193323296132, 0.9063975684009626, 0.9015028870603348, 0.9247821814336253, 0.8890190394909405, 0.9202042683653194, 0.944474164399287, 0.9056064878045814, 0.9455739456988723, 0.9002760481064864, 0.9095833209902437]
y_for_failure: [0.6589665642990468, 0.6343823344161792, 0.5950502377262241, 0.5157777023519013, 0.5848472219302935, 0.5556236119299421, 0.566900922266245, 0.5981495437827622, 0.5520260931936798, 0.5118456272519187, 0.5125076822129061, 0.5618934806969694, 0.5636891979801423, 0.569725077569495, 0.6400307009556746, 0.6489018012232022, 0.6330861870370554, 0.6053881050880706, 0.4595761087519789, 0.3691046004481308, 0.3771775492547035, 0.31143896680324634, 0.2533500451428685, 0.2725357973414345, 0.25815088267166614, 0.2895824251046977, 0.26059833391975756, 0.2902519601587916, 0.353753383308253, 0.33723184049643645, 0.4123829493372276, 0.4580708134935572, 0.5, 0.5, 0.5168161483074188, 0.4864470997013798, 0.4488949694787416, 0.4822129641462592, 0.45318087403811097, 0.4110246305290621, 0.3331991122508006, 0.2577549494342851, 0.18164684625048524, 0.12601030651934672, 0.03907664625839146, 0.08921859621089982, 0.09129233917550808, 0.07073702525359493, 0.13230853718135005, 0.11245336308546645, 0.07122199035069222, 0.12127332433040265, 0.16416436679884824, 0.17112118350812686, 0.13603159128562567, 0.12598545563757355, 0.12519986430541527, 0.10338208045604592, 0.08438066767038681, 0.0936024315990375, 0.09849711293966522, 0.07521781856637481, 0.11098096050905933, 0.07979573163468037, 0.05552583560071287, 0.09439351219541858, 0.05442605430112757, 0.09972395189351341, 0.09041667900975642]
