x: [0, 1, 2, 3, 4, 5, 6, 7, 8, 9, 10, 11, 12, 13, 14, 15, 16, 17, 18, 19, 20, 21, 22, 23, 24, 25, 26, 27, 28, 29, 30, 31, 32, 33, 34, 35, 36, 37, 38, 39, 40, 41, 42, 43, 44, 45, 46, 47, 48, 49, 50, 51, 52, 53, 54, 55, 56, 57, 58, 59, 60, 61, 62, 63, 64, 65, 66, 67, 68, 69, 70, 71, 72, 73, 74, 75, 76, 77, 78, 79, 80, 81, 82, 83]
y_for_success: [0.4058295273944773, 0.45118539954015824, 0.493004794508404, 0.44606189962133863, 0.47035934281143293, 0.5, 0.46453459521530294, 0.39622721261418237, 0.386422750962765, 0.41794997952468377, 0.32788911961161255, 0.36857551134221483, 0.29722507916294627, 0.3425453772646651, 0.3919789261213745, 0.3953420184236603, 0.45319287543048054, 0.5063291547616734, 0.5790559467310665, 0.6709331305717819, 0.6672566583843453, 0.6456006694789136, 0.6299051585019636, 0.5394032115178996, 0.4407921228652152, 0.40372560173129984, 0.3898666434652714, 0.40298780307907217, 0.41762160087712547, 0.4663778546141621, 0.5, 0.54306847678717, 0.5819705566590903, 0.6039491810220818, 0.6589671984047072, 0.6624792542725595, 0.6482266875335314, 0.6640938230980531, 0.6743481531570826, 0.6960813685492857, 0.6857875500831955, 0.675131591816273, 0.7010622514989184, 0.7141958499224385, 0.6911816856238181, 0.7390020782788826, 0.7226337511422991, 0.6951593850728937, 0.6629498747390278, 0.646829006557439, 0.6114200834072943, 0.5992318318507682, 0.5922719701609146, 0.5737636670987698, 0.5816262250452632, 0.5776872395220981, 0.581243830416275, 0.5519591480140196, 0.5814206279856825, 0.6086836606622072, 0.6090517680819473, 0.6322890221737945, 0.6687525729953657, 0.7003835314207614, 0.6962841460183943, 0.7255268563527358, 0.6995142312561167, 0.6789675597949563, 0.6818507519375309, 0.6258283776383718, 0.6454073699804403, 0.6053714029780725, 0.584332393625009, 0.5685321004013492, 0.5674913239986874, 0.5585434961959425, 0.5450950407011154, 0.559378129741637, 0.5336724675248155, 0.5363219557765018, 0.5373167237966319, 0.5399114069133708, 0.5288873224894415, 0.5553843249523155]
y_for_failure: [0.5941704726055226, 0.5488146004598419, 0.5069952054915959, 0.5539381003786614, 0.529640657188567, 0.5, 0.5354654047846971, 0.6037727873858176, 0.6135772490372349, 0.5820500204753163, 0.6721108803883875, 0.6314244886577851, 0.7027749208370537, 0.6574546227353347, 0.6080210738786254, 0.6046579815763399, 0.5468071245695195, 0.4936708452383265, 0.4209440532689333, 0.32906686942821817, 0.33274334161565466, 0.35439933052108646, 0.37009484149803634, 0.4605967884821003, 0.5592078771347849, 0.5962743982687001, 0.6101333565347287, 0.5970121969209279, 0.5823783991228745, 0.533622145385838, 0.5, 0.45693152321283015, 0.4180294433409095, 0.3960508189779182, 0.3410328015952927, 0.3375207457274405, 0.35177331246646865, 0.3359061769019471, 0.32565184684291737, 0.3039186314507142, 0.3142124499168045, 0.32486840818372686, 0.29893774850108157, 0.28580415007756166, 0.30881831437618207, 0.2609979217211173, 0.27736624885770084, 0.30484061492710635, 0.33705012526097256, 0.353170993442561, 0.3885799165927058, 0.4007681681492318, 0.4077280298390854, 0.42623633290123014, 0.4183737749547369, 0.42231276047790195, 0.4187561695837249, 0.4480408519859803, 0.41857937201431766, 0.39131633933779264, 0.3909482319180528, 0.36771097782620543, 0.3312474270046344, 0.2996164685792386, 0.3037158539816058, 0.27447314364726416, 0.30048576874388333, 0.3210324402050437, 0.31814924806246925, 0.3741716223616281, 0.35459263001955976, 0.39462859702192754, 0.415667606374991, 0.4314678995986507, 0.4325086760013127, 0.44145650380405754, 0.45490495929888447, 0.4406218702583629, 0.4663275324751845, 0.4636780442234983, 0.46268327620336813, 0.4600885930866292, 0.4711126775105585, 0.44461567504768457]
