x: [0, 1, 2, 3, 4, 5, 6, 7, 8, 9, 10, 11, 12, 13, 14, 15, 16, 17, 18, 19, 20, 21, 22, 23, 24, 25, 26, 27, 28, 29, 30, 31, 32, 33, 34, 35, 36, 37, 38, 39, 40, 41, 42, 43, 44, 45, 46, 47, 48, 49, 50, 51, 52, 53, 54, 55, 56, 57, 58, 59, 60, 61]
y_for_success: [0.3744152224777746, 0.45482813794429755, 0.47464643591172784, 0.5, 0.4773239707580224, 0.5, 0.4829520898348286, 0.41728105746960414, 0.4458341409729711, 0.48256937679071865, 0.32069968040297087, 0.2186274775117295, 0.3115120870140399, 0.5712314504402206, 0.6522865978790021, 0.7455356163656243, 0.669607579149158, 0.5264828100931405, 0.4128263031299768, 0.44106919733517647, 0.5248792748840703, 0.5, 0.5, 0.37986022873178, 0.3572529296757838, 0.32145070890140137, 0.3168138690668051, 0.37702553135669997, 0.445589994660497, 0.4452137093714223, 0.5488467614237176, 0.6248254715887642, 0.6470571518379503, 0.6691783305125611, 0.6598143869004508, 0.6515648453187248, 0.6429791468117552, 0.5994075551328003, 0.6168251343230726, 0.5304431190150614, 0.6017799459799784, 0.5523673231608814, 0.6146750780824856, 0.5748748259080058, 0.6488423886929681, 0.6526519716894972, 0.6861273955743677, 0.672122465245494, 0.6712785069178085, 0.7338233165134996, 0.6920295663172987, 0.717339093995643, 0.6653231162821686, 0.7051367456204288, 0.6718933831870698, 0.653298033949468, 0.7277898304133065, 0.6622348071457, 0.6632444082265662, 0.6651411801584717, 0.6623356297212724, 0.6544850436187405]
y_for_failure: [0.6255847775222253, 0.5451718620557024, 0.5253535640882719, 0.5, 0.5226760292419776, 0.5, 0.5170479101651714, 0.5827189425303958, 0.5541658590270289, 0.5174306232092812, 0.6793003195970292, 0.7813725224882706, 0.6884879129859601, 0.4287685495597794, 0.3477134021209979, 0.2544643836343758, 0.33039242085084186, 0.4735171899068597, 0.5871736968700232, 0.5589308026648234, 0.4751207251159295, 0.5, 0.5, 0.62013977126822, 0.6427470703242162, 0.6785492910985986, 0.6831861309331951, 0.6229744686433001, 0.5544100053395031, 0.5547862906285778, 0.4511532385762826, 0.37517452841123594, 0.3529428481620498, 0.3308216694874389, 0.34018561309954914, 0.3484351546812752, 0.3570208531882449, 0.4005924448671996, 0.38317486567692743, 0.4695568809849386, 0.3982200540200215, 0.44763267683911867, 0.3853249219175145, 0.4251251740919942, 0.3511576113070319, 0.3473480283105028, 0.3138726044256323, 0.32787753475450593, 0.3287214930821915, 0.26617668348650025, 0.30797043368270133, 0.2826609060043567, 0.3346768837178314, 0.29486325437957106, 0.32810661681293013, 0.3467019660505322, 0.2722101695866935, 0.3377651928543, 0.3367555917734338, 0.3348588198415285, 0.3376643702787277, 0.3455149563812596]
