x: [0, 1, 2, 3, 4, 5, 6, 7, 8, 9, 10, 11, 12, 13, 14, 15, 16, 17, 18, 19, 20, 21, 22, 23, 24, 25, 26, 27, 28, 29, 30, 31, 32, 33, 34, 35, 36, 37, 38, 39, 40, 41, 42, 43, 44, 45, 46]
y_for_success: [0.4104597953345992, 0.4329526905250895, 0.3433389370734883, 0.48440242421828145, 0.4439171226925208, 0.451178781782507, 0.49009979824561445, 0.4835330289973225, 0.4914540919250875, 0.47386568670286433, 0.4347009764347018, 0.3977363033525632, 0.375794134381588, 0.36468546631406507, 0.3373305821118831, 0.3404751365498602, 0.37571005891430187, 0.3934005774644053, 0.51660486234957, 0.6453235624084418, 0.6676780988538081, 0.7544749120744715, 0.7720932328189966, 0.7472554354137823, 0.7659274297006045, 0.7520341783129068, 0.7398877980863773, 0.7527697901704499, 0.7180725249159341, 0.6942405609919287, 0.6017961582882072, 0.5405673675400132, 0.49263281609565646, 0.4582239926715115, 0.42827884930055504, 0.4327659552887379, 0.455276842989408, 0.42988226896626863, 0.4450718473340883, 0.514682194473085, 0.5792273125629614, 0.705880350159994, 0.7906400133182694, 0.9378944485076686, 0.9951632345608075, 0.9779760763877644, 0.9631913700261315]
y_for_failure: [0.5895402046654006, 0.5670473094749104, 0.6566610629265118, 0.5155975757817185, 0.5560828773074791, 0.548821218217493, 0.5099002017543856, 0.5164669710026776, 0.5085459080749125, 0.5261343132971358, 0.5652990235652982, 0.6022636966474367, 0.6242058656184121, 0.6353145336859348, 0.6626694178881168, 0.6595248634501398, 0.6242899410856981, 0.6065994225355946, 0.48339513765042985, 0.35467643759155804, 0.3323219011461919, 0.24552508792552863, 0.22790676718100336, 0.25274456458621763, 0.23407257029939557, 0.2479658216870935, 0.26011220191362294, 0.24723020982955005, 0.2819274750840657, 0.30575943900807157, 0.3982038417117927, 0.45943263245998667, 0.5073671839043434, 0.5417760073284884, 0.571721150699445, 0.567234044711262, 0.544723157010592, 0.5701177310337313, 0.5549281526659117, 0.485317805526915, 0.42077268743703844, 0.29411964984000594, 0.2093599866817305, 0.06210555149233148, 0.004836765439192397, 0.022023923612235714, 0.036808629973868655]
