x: [0, 1, 2, 3, 4, 5, 6, 7, 8, 9, 10, 11, 12, 13, 14, 15, 16, 17, 18, 19, 20, 21, 22, 23, 24, 25, 26, 27, 28, 29, 30, 31, 32, 33, 34, 35, 36, 37, 38, 39, 40, 41, 42, 43, 44, 45]
y_for_success: [0.38892114638583747, 0.4423653602676017, 0.4089215814383779, 0.5411919763516096, 0.44006619942322217, 0.4336003561243613, 0.5, 0.5, 0.46968321665884344, 0.47276646963583957, 0.47348552901488467, 0.4329078390302703, 0.41783585512794624, 0.39084153583141673, 0.38525221957421374, 0.3727313607463178, 0.37889529204890254, 0.3804647915340205, 0.5070836076530799, 0.6585926136260475, 0.7082683805292875, 0.7717787706285308, 0.7731003963239008, 0.7533550681269384, 0.7395974692263384, 0.7175837731664375, 0.6931428563680981, 0.7151724506660875, 0.681195023998033, 0.6864290382995163, 0.6338457638236085, 0.5525774408320696, 0.5, 0.47663560027377055, 0.4051772306038498, 0.42466707689212385, 0.39854013626141566, 0.3689896361144115, 0.39224413115469164, 0.43336235330644274, 0.5988467836014787, 0.7264617622641342, 0.8467879028167763, 0.9536487902089654, 0.9962903960072828, 0.9701159981485492]
y_for_failure: [0.6110788536141626, 0.5576346397323984, 0.5910784185616222, 0.45880802364839035, 0.5599338005767777, 0.5663996438756388, 0.5, 0.5, 0.5303167833411565, 0.5272335303641603, 0.5265144709851152, 0.5670921609697299, 0.5821641448720538, 0.6091584641685832, 0.6147477804257863, 0.6272686392536821, 0.6211047079510975, 0.6195352084659795, 0.4929163923469201, 0.3414073863739529, 0.29173161947071274, 0.22822122937146916, 0.22689960367609915, 0.2466449318730618, 0.26040253077366143, 0.28241622683356254, 0.30685714363190164, 0.2848275493339123, 0.3188049760019668, 0.3135709617004837, 0.36615423617639153, 0.4474225591679304, 0.5, 0.5233643997262295, 0.5948227693961503, 0.5753329231078761, 0.6014598637385843, 0.6310103638855886, 0.6077558688453083, 0.5666376466935572, 0.4011532163985215, 0.2735382377358659, 0.15321209718322384, 0.04635120979103456, 0.003709603992717381, 0.02988400185145061]
