x: [0, 1, 2, 3, 4, 5, 6, 7, 8, 9, 10, 11, 12, 13, 14, 15, 16, 17, 18, 19, 20, 21, 22, 23, 24, 25, 26, 27, 28, 29, 30, 31, 32, 33, 34, 35, 36, 37, 38, 39, 40, 41, 42, 43, 44]
y_for_success: [0.3912321041301664, 0.47514905591786616, 0.37217101029032823, 0.46431932043727814, 0.465727959007679, 0.4580904124169166, 0.46286420979115217, 0.43912206201254284, 0.4166570781918459, 0.4195620864977666, 0.4159367220416994, 0.40426348522060707, 0.40490969020116235, 0.40131818276190245, 0.336941038213986, 0.3224633151327239, 0.3569622568783376, 0.41144229978329006, 0.5487462881236611, 0.6347378128050714, 0.6961512884132804, 0.7232769637668249, 0.7540597875338682, 0.7182942899530222, 0.6945035354717268, 0.6705346768173359, 0.6454470676888006, 0.656730764073192, 0.6011870767443479, 0.5929569462472617, 0.5835596117881066, 0.5191018030339687, 0.5054640555684132, 0.4614949824133029, 0.464370221232609, 0.47086977122356055, 0.5, 0.5, 0.5628139842073189, 0.6087849678268982, 0.7684155823687288, 0.8464533612550881, 0.9271540164508052, 0.979526780804127, 0.9999999999999699]
y_for_failure: [0.6087678958698337, 0.5248509440821337, 0.6278289897096718, 0.5356806795627218, 0.5342720409923211, 0.5419095875830834, 0.5371357902088479, 0.5608779379874571, 0.5833429218081541, 0.5804379135022334, 0.5840632779583007, 0.5957365147793928, 0.5950903097988375, 0.5986818172380977, 0.663058961786014, 0.6775366848672761, 0.6430377431216624, 0.5885577002167098, 0.4512537118763388, 0.3652621871949288, 0.30384871158671956, 0.276723036233175, 0.24594021246613185, 0.28170571004697764, 0.3054964645282734, 0.329465323182664, 0.3545529323111995, 0.3432692359268082, 0.3988129232556521, 0.4070430537527383, 0.4164403882118935, 0.4808981969660312, 0.49453594443158655, 0.5385050175866971, 0.5356297787673912, 0.5291302287764394, 0.5, 0.5, 0.437186015792681, 0.3912150321731021, 0.2315844176312713, 0.15354663874491178, 0.0728459835491949, 0.02047321919587301, 3.00000089999998e-14]
