x: [0, 1, 2, 3, 4, 5, 6, 7, 8, 9, 10, 11, 12, 13, 14, 15, 16, 17, 18, 19, 20, 21, 22, 23, 24, 25, 26, 27, 28, 29, 30, 31, 32, 33, 34, 35, 36, 37, 38, 39, 40, 41, 42, 43, 44, 45, 46, 47, 48, 49, 50, 51, 52, 53, 54, 55, 56, 57]
y_for_success: [0.3360287753684154, 0.46515127388261, 0.529827539026005, 0.5249582457834807, 0.47901880991537715, 0.5, 0.4435722908580896, 0.39045438775584296, 0.37439922966098815, 0.4061458736297443, 0.33651673235259927, 0.26600084670689805, 0.3693082479908846, 0.5127944710184758, 0.5372930807669185, 0.5279844863767041, 0.5655380345218143, 0.6146966109214007, 0.7092520811276751, 0.6897886914677654, 0.6654925447553629, 0.6070034425123526, 0.5491107741329131, 0.5543750163168113, 0.4817219658515172, 0.4836387778803008, 0.4830866022883992, 0.5136261770843616, 0.5411481005355776, 0.5343101571263212, 0.5990130159533196, 0.5975145104977753, 0.5977337368366975, 0.6001580267452854, 0.6141053154590241, 0.6338159526577659, 0.6153718209215503, 0.7015231487575955, 0.6875668801627982, 0.6693002692743066, 0.6913726541927285, 0.6844625318067178, 0.643078553492078, 0.6473502770187246, 0.6641991654801405, 0.6584662389622508, 0.6384096134480788, 0.5704059930296245, 0.6068610039545166, 0.546896866570262, 0.5397902050899671, 0.5176674550740292, 0.5, 0.5, 0.4406879384728717, 0.4651480019361631, 0.4070160415558299, 0.4073801042975113]
y_for_failure: [0.6639712246315845, 0.5348487261173899, 0.470172460973995, 0.4750417542165191, 0.520981190084623, 0.5, 0.5564277091419103, 0.6095456122441569, 0.6256007703390117, 0.5938541263702556, 0.6634832676474007, 0.7339991532931021, 0.6306917520091155, 0.4872055289815242, 0.4627069192330814, 0.4720155136232958, 0.43446196547818583, 0.3853033890785994, 0.2907479188723249, 0.31021130853223455, 0.3345074552446371, 0.3929965574876475, 0.45088922586708685, 0.4456249836831887, 0.5182780341484826, 0.5163612221196994, 0.5169133977116009, 0.4863738229156384, 0.45885189946442223, 0.4656898428736787, 0.4009869840466803, 0.40248548950222474, 0.4022662631633025, 0.3998419732547147, 0.3858946845409758, 0.3661840473422342, 0.3846281790784497, 0.2984768512424046, 0.31243311983720173, 0.3306997307256936, 0.30862734580727164, 0.3155374681932822, 0.35692144650792207, 0.3526497229812754, 0.3358008345198595, 0.3415337610377492, 0.36159038655192116, 0.42959400697037564, 0.3931389960454833, 0.4531031334297379, 0.46020979491003283, 0.48233254492597094, 0.5, 0.5, 0.5593120615271283, 0.534851998063837, 0.5929839584441702, 0.5926198957024887]
