x: [0, 1, 2, 3, 4, 5, 6, 7, 8, 9, 10, 11, 12, 13, 14, 15, 16, 17, 18, 19, 20, 21, 22, 23, 24, 25, 26, 27, 28, 29, 30, 31, 32, 33, 34, 35, 36, 37, 38, 39, 40, 41, 42, 43, 44, 45, 46, 47, 48, 49, 50, 51, 52, 53, 54, 55, 56, 57, 58, 59, 60]
y_for_success: [0.38246717222915416, 0.3716874318219404, 0.5295095781942945, 0.5274706948257741, 0.43948749945246424, 0.5183119398451365, 0.4647768893895691, 0.4053201578859642, 0.38430571191395585, 0.4332619946837909, 0.2619116800528915, 0.23741273180382122, 0.4424377386084758, 0.6543326160827304, 0.6791078014294986, 0.6965773294280244, 0.6819193574088861, 0.7142942067180971, 0.6843568563484205, 0.6597682716819755, 0.6810066773391389, 0.5493766411282764, 0.45506072048065577, 0.4608107019637564, 0.37843042271213906, 0.30907960365409515, 0.3389021862445491, 0.36685814788998405, 0.4845815374560981, 0.5257501946554126, 0.5915412236470751, 0.6434718208259922, 0.6638914959119763, 0.6494951688867909, 0.6607843278596919, 0.6755809287713285, 0.6726132108755891, 0.6743127581865664, 0.669033957656992, 0.6487448052798864, 0.6622435516178525, 0.6770559114793139, 0.6924644819441167, 0.7030683408073917, 0.6814294883701856, 0.7107849963091363, 0.7372586323215878, 0.7225906496454553, 0.7247160631167416, 0.7826097681734175, 0.7017901120689578, 0.7193724593976286, 0.8173586240531026, 0.8396419997880629, 0.7233580208259786, 0.636846729981683, 0.6275782283804037, 0.6576802213423999, 0.6407426640024125, 0.6297244894409401, 0.618192530785283]
y_for_failure: [0.617532827770846, 0.6283125681780596, 0.4704904218057055, 0.4725293051742258, 0.5605125005475357, 0.4816880601548635, 0.5352231106104309, 0.5946798421140357, 0.6156942880860443, 0.566738005316209, 0.7380883199471086, 0.7625872681961786, 0.5575622613915242, 0.34566738391726953, 0.3208921985705011, 0.30342267057197586, 0.31808064259111385, 0.28570579328190326, 0.3156431436515796, 0.34023172831802434, 0.31899332266086106, 0.45062335887172345, 0.5449392795193443, 0.5391892980362436, 0.621569577287861, 0.6909203963459046, 0.661097813755451, 0.6331418521100158, 0.5154184625439019, 0.4742498053445874, 0.40845877635292505, 0.35652817917400764, 0.33610850408802384, 0.35050483111320907, 0.3392156721403083, 0.3244190712286718, 0.32738678912441066, 0.32568724181343356, 0.330966042343008, 0.3512551947201135, 0.33775644838214736, 0.32294408852068646, 0.3075355180558833, 0.29693165919260844, 0.31857051162981426, 0.2892150036908635, 0.262741367678412, 0.27740935035454467, 0.27528393688325836, 0.21739023182658235, 0.29820988793104203, 0.2806275406023711, 0.18264137594689753, 0.16035800021193694, 0.2766419791740212, 0.363153270018317, 0.3724217716195964, 0.3423197786575999, 0.3592573359975873, 0.3702755105590601, 0.38180746921471703]
