x: [0, 1, 2, 3, 4, 5, 6, 7, 8, 9, 10, 11, 12, 13, 14, 15, 16, 17, 18, 19, 20, 21, 22, 23, 24, 25, 26, 27, 28, 29, 30, 31, 32, 33, 34, 35, 36, 37, 38, 39, 40, 41, 42, 43, 44, 45, 46, 47, 48, 49, 50, 51, 52, 53, 54, 55, 56, 57, 58, 59, 60, 61, 62, 63, 64, 65, 66, 67, 68, 69, 70, 71, 72, 73, 74, 75, 76, 77, 78, 79]
y_for_success: [0.3233863072731577, 0.5209222331470551, 0.43451538614028173, 0.40928321006682555, 0.5, 0.464842369342794, 0.5099188557207509, 0.4309482739189456, 0.41859160955287383, 0.3645930286429957, 0.2914158566358124, 0.30157327763710734, 0.30175715166540384, 0.40055566539839343, 0.5132805077800496, 0.578258442050824, 0.603578056839305, 0.6049810383824465, 0.5846029223164304, 0.550625651115147, 0.5840197377427714, 0.5748404531363063, 0.4601536404935265, 0.40268258532991835, 0.3105829631134481, 0.2628116585153937, 0.2390895086268017, 0.2601973219513474, 0.33757257928768525, 0.3818181630328966, 0.47380079691271215, 0.5232016474108274, 0.530180502515752, 0.5149530933710914, 0.5277287922376674, 0.5175338224950067, 0.5224437695349029, 0.538376469314904, 0.5104324216833375, 0.5471833326541996, 0.5213906319010476, 0.5502759723501426, 0.5072405555947915, 0.5607694494579497, 0.5200811075237256, 0.5347630048943336, 0.5204551477129422, 0.5257401291350488, 0.564105075048436, 0.5659951353318378, 0.5558242123622559, 0.5900190541095426, 0.5909679446550947, 0.531009462479932, 0.5080586068139085, 0.43284773747765537, 0.4358153288413072, 0.4206630367009821, 0.3927683425161554, 0.371806121397124, 0.3314100487014611, 0.3154573543425458, 0.3207311772934148, 0.33459467843188084, 0.36472882123304995, 0.3671049599896856, 0.3931875932689905, 0.41281070725318936, 0.4516887397740534, 0.46899545530231657, 0.48420734644750185, 0.5146444745937648, 0.5360031622708004, 0.5122641886153857, 0.5602154765441971, 0.5547676701422621, 0.5864305531358214, 0.5854642512712287, 0.5889600130557592, 0.5823611090526459]
y_for_failure: [0.6766136927268424, 0.4790777668529448, 0.5654846138597182, 0.5907167899331744, 0.5, 0.5351576306572061, 0.49008114427924926, 0.5690517260810545, 0.5814083904471262, 0.6354069713570044, 0.7085841433641876, 0.6984267223628929, 0.6982428483345962, 0.5994443346016066, 0.48671949221995037, 0.4217415579491759, 0.39642194316069496, 0.3950189616175534, 0.41539707768356937, 0.44937434888485284, 0.4159802622572286, 0.42515954686369367, 0.5398463595064735, 0.5973174146700817, 0.6894170368865516, 0.7371883414846063, 0.7609104913731982, 0.7398026780486526, 0.6624274207123149, 0.6181818369671034, 0.5261992030872878, 0.4767983525891725, 0.46981949748424806, 0.48504690662890854, 0.47227120776233256, 0.48246617750499343, 0.47755623046509715, 0.46162353068509593, 0.48956757831666253, 0.45281666734580034, 0.47860936809895227, 0.4497240276498574, 0.4927594444052084, 0.4392305505420503, 0.47991889247627445, 0.4652369951056664, 0.4795448522870578, 0.47425987086495114, 0.435894924951564, 0.43400486466816207, 0.44417578763774435, 0.4099809458904574, 0.40903205534490533, 0.4689905375200679, 0.49194139318609137, 0.5671522625223445, 0.564184671158693, 0.5793369632990178, 0.6072316574838448, 0.6281938786028761, 0.6685899512985388, 0.684542645657454, 0.6792688227065854, 0.6654053215681192, 0.6352711787669502, 0.6328950400103143, 0.6068124067310096, 0.5871892927468106, 0.5483112602259467, 0.5310045446976833, 0.515792653552498, 0.48535552540623517, 0.46399683772919975, 0.4877358113846144, 0.4397845234558027, 0.4452323298577379, 0.4135694468641788, 0.41453574872877136, 0.4110399869442408, 0.4176388909473539]
