x: [0, 1, 2, 3, 4, 5, 6, 7, 8, 9, 10, 11, 12, 13, 14, 15, 16, 17, 18, 19, 20, 21, 22, 23, 24, 25, 26, 27, 28, 29, 30, 31, 32, 33, 34, 35, 36, 37, 38, 39, 40, 41, 42, 43, 44, 45, 46, 47, 48, 49, 50, 51]
y_for_success: [0.38986112725125843, 0.458061454090672, 0.41321951209884056, 0.5443844885516683, 0.45066094492870096, 0.4244429488553542, 0.46519163012955056, 0.47932334606174626, 0.484560964239054, 0.5163087064245064, 0.4882455633250395, 0.4115928883701033, 0.4126329236399844, 0.38816277941474464, 0.32944982842761766, 0.34280156313742377, 0.31735251672130166, 0.3138568507617409, 0.45615541895900125, 0.6303622955943204, 0.6768445056403608, 0.7398825215834244, 0.7811312503448182, 0.7449853246860463, 0.7065393078211537, 0.6623861491852119, 0.6762884525637566, 0.6827987566933942, 0.683896307830939, 0.6984481623394182, 0.6543150671326086, 0.6364482543896504, 0.5772000787056447, 0.5552364026152694, 0.5105240512381574, 0.49366564977728106, 0.5451898706256757, 0.5054500982981065, 0.5423238069650753, 0.5539660591167482, 0.6176195542113716, 0.6891160678843034, 0.7748813241045576, 0.8376818345787083, 0.9525008036361274, 0.8845687473120056, 0.9088052313719364, 0.9608309042468719, 0.932917014846717, 0.964558407319871, 0.9950347876410113, 0.9731736120961413]
y_for_failure: [0.6101388727487416, 0.5419385459093281, 0.5867804879011596, 0.4556155114483317, 0.549339055071299, 0.5755570511446458, 0.5348083698704496, 0.5206766539382539, 0.515439035760946, 0.48369129357549345, 0.5117544366749603, 0.5884071116298967, 0.5873670763600157, 0.6118372205852555, 0.6705501715723823, 0.6571984368625762, 0.6826474832786981, 0.686143149238259, 0.5438445810409988, 0.3696377044056795, 0.32315549435963903, 0.2601174784165757, 0.21886874965518174, 0.25501467531395383, 0.2934606921788463, 0.33761385081478834, 0.32371154743624314, 0.3172012433066058, 0.316103692169061, 0.3015518376605818, 0.34568493286739155, 0.3635517456103496, 0.42279992129435534, 0.4447635973847307, 0.48947594876184264, 0.506334350222719, 0.4548101293743243, 0.49454990170189345, 0.4576761930349246, 0.44603394088325166, 0.3823804457886284, 0.31088393211569654, 0.22511867589544235, 0.1623181654212918, 0.047499196363872585, 0.11543125268799435, 0.09119476862806378, 0.039169095753128005, 0.06708298515328309, 0.035441592680128836, 0.004965212358988964, 0.026826387903858755]
