x: [0, 1, 2, 3, 4, 5, 6, 7, 8, 9, 10, 11, 12, 13, 14, 15, 16, 17, 18, 19, 20, 21, 22, 23, 24, 25, 26, 27, 28, 29, 30, 31, 32, 33, 34, 35, 36, 37, 38, 39, 40, 41, 42, 43, 44]
y_for_success: [0.41119296224382346, 0.39848029645917193, 0.45421866753420004, 0.5148444781159021, 0.4158865411257248, 0.44220799794642224, 0.4810310003694298, 0.5098158899839804, 0.46964574204680964, 0.4895025662630405, 0.47070988125927954, 0.43247788397197323, 0.41957034119382347, 0.42027247690051095, 0.34122540758476033, 0.32867313913130314, 0.33391694865915744, 0.31932434653328456, 0.4579751558068534, 0.6156930475304443, 0.6737852149347331, 0.7337685810472293, 0.720863784328518, 0.6766647743384825, 0.678526053482524, 0.6540483673040278, 0.6210438454666767, 0.6443049765854407, 0.5737511070162428, 0.5724966164071891, 0.5398765423818846, 0.4863998127610753, 0.4645748278910617, 0.3895582012294144, 0.3883580864609939, 0.3862860098885016, 0.40355636402197376, 0.4188508656975821, 0.45372944490394035, 0.5, 0.6329531375276516, 0.7458948328599784, 0.8206014847471553, 0.9452530018316619, 0.9865150968291023]
y_for_failure: [0.5888070377561765, 0.6015197035408282, 0.5457813324658, 0.485155521884098, 0.5841134588742751, 0.5577920020535776, 0.5189689996305701, 0.49018411001601975, 0.5303542579531905, 0.5104974337369595, 0.5292901187407204, 0.5675221160280267, 0.5804296588061767, 0.5797275230994892, 0.6587745924152396, 0.6713268608686969, 0.6660830513408427, 0.6806756534667153, 0.5420248441931466, 0.3843069524695557, 0.32621478506526674, 0.2662314189527707, 0.279136215671482, 0.3233352256615175, 0.32147394651747585, 0.3459516326959719, 0.37895615453332315, 0.35569502341455916, 0.42624889298375723, 0.4275033835928111, 0.4601234576181152, 0.5136001872389248, 0.5354251721089381, 0.6104417987705857, 0.611641913539006, 0.6137139901114983, 0.5964436359780263, 0.5811491343024177, 0.5462705550960597, 0.5, 0.3670468624723483, 0.2541051671400218, 0.17939851525284492, 0.05474699816833803, 0.013484903170897762]
