x: [0, 1, 2, 3, 4, 5, 6, 7, 8, 9, 10, 11, 12, 13, 14, 15, 16, 17, 18, 19, 20, 21, 22, 23, 24, 25, 26, 27, 28, 29, 30, 31, 32, 33, 34, 35, 36, 37, 38, 39, 40, 41, 42, 43, 44, 45]
y_for_success: [0.3864651580290966, 0.47562778686766344, 0.3644227625128655, 0.538805953302018, 0.492109859791333, 0.5150363159141021, 0.45403858050176843, 0.44438134463403023, 0.43615662044143355, 0.4938872678963596, 0.4596087170784066, 0.43175955977491864, 0.4544768886873573, 0.42794608949523233, 0.3672454311405643, 0.35758388260951757, 0.3591614462430448, 0.3575693261696542, 0.47697044702574687, 0.613731085940531, 0.6545735712394927, 0.7347931557246228, 0.7496237365519037, 0.7478403856175814, 0.7506669246037769, 0.7269276787199129, 0.7220494488482466, 0.7287010954713096, 0.6978338951707584, 0.7116672246867303, 0.6620962815106439, 0.60267698735584, 0.5851147048326987, 0.5401479310165526, 0.5, 0.5189859204318132, 0.5397072489687021, 0.4842313206587952, 0.5146432845805534, 0.571992546766446, 0.708248387397969, 0.814067327563767, 0.8987576814997706, 0.9770867242805011, 0.9999999999999186, 0.9999999999999699]
y_for_failure: [0.6135348419709035, 0.5243722131323366, 0.6355772374871345, 0.461194046697982, 0.507890140208667, 0.484963684085898, 0.5459614194982316, 0.5556186553659699, 0.5638433795585664, 0.5061127321036402, 0.5403912829215933, 0.5682404402250815, 0.5455231113126428, 0.5720539105047677, 0.6327545688594358, 0.6424161173904823, 0.640838553756955, 0.6424306738303459, 0.5230295529742531, 0.386268914059469, 0.34542642876050733, 0.26520684427537705, 0.2503762634480962, 0.25215961438241863, 0.24933307539622301, 0.27307232128008696, 0.27795055115175327, 0.27129890452869043, 0.3021661048292418, 0.2883327753132696, 0.33790371848935646, 0.3973230126441599, 0.41488529516730127, 0.4598520689834474, 0.5, 0.48101407956818687, 0.46029275103129785, 0.5157686793412048, 0.48535671541944675, 0.42800745323355405, 0.2917516126020309, 0.18593267243623302, 0.10124231850022941, 0.0229132757194989, 8.132634652553186e-14, 3.00000089999998e-14]
