now_kernel: linear
now_C: 1.0
cross_validation_fold: 5
training time mean: 0.561953874735s
x: [72, 80, 92, 100, 108, 116, 128, 136, 144, 156, 164, 172, 184]
y_for_max: [1.0, 1.0, 1.0, 1.0, 1.0, 0.9583333333333334, 0.9642857142857143, 0.9642857142857143, 0.9642857142857143, 0.96875, 1.0, 1.0, 1.0]
y_for_min: [0.75, 0.875, 0.9, 0.85, 0.85, 0.875, 0.9166666666666666, 0.9583333333333334, 0.9285714285714286, 0.90625, 0.8888888888888888, 0.9166666666666666, 0.925]
y_for_mean: [0.9083333333333334, 0.95, 0.945, 0.9299999999999999, 0.9349999999999999, 0.9233333333333332, 0.9452380952380952, 0.9630952380952381, 0.9446428571428573, 0.9553571428571429, 0.9527777777777778, 0.9652777777777779, 0.9683333333333334]
