now_kernel: linear
now_C: 1e-05
cross_validation_fold: 5
training time mean: 0.639771993344s
x: [72, 80, 92, 100, 108, 116, 128, 136, 144, 156, 164, 172, 184]
y_for_max: [0.9375, 0.9375, 0.9375, 0.9, 0.9583333333333334, 0.9583333333333334, 0.9583333333333334, 0.9285714285714286, 0.9642857142857143, 0.90625, 0.9375, 0.9166666666666666, 0.8888888888888888]
y_for_min: [0.75, 0.75, 0.8, 0.75, 0.7, 0.8333333333333334, 0.7916666666666666, 0.8571428571428571, 0.7857142857142857, 0.78125, 0.78125, 0.75, 0.7222222222222222]
y_for_mean: [0.8375, 0.875, 0.8699999999999999, 0.86, 0.8583333333333334, 0.8783333333333333, 0.8833333333333334, 0.8821428571428573, 0.86875, 0.8258928571428571, 0.8229166666666667, 0.8166666666666667, 0.8]
