now_kernel: linear
now_C: 0.0001
cross_validation_fold: 5
training time mean: 0.577085880133s
x: [72, 80, 92, 100, 108, 116, 128, 136, 144, 156, 164, 172, 184]
y_for_max: [1.0, 1.0, 1.0, 1.0, 1.0, 0.9583333333333334, 0.9642857142857143, 0.9642857142857143, 0.9642857142857143, 0.96875, 1.0, 1.0, 1.0]
y_for_min: [0.8125, 0.875, 0.9, 0.9, 0.85, 0.9166666666666666, 0.9166666666666666, 0.9285714285714286, 0.8928571428571429, 0.8928571428571429, 0.875, 0.9166666666666666, 0.925]
y_for_mean: [0.9208333333333334, 0.95, 0.9574999999999999, 0.93, 0.925, 0.9400000000000001, 0.9369047619047619, 0.9488095238095238, 0.9303571428571431, 0.9410714285714287, 0.9340277777777779, 0.9652777777777779, 0.9683333333333334]
