now_kernel: poly
now_C: 0.001
cross_validation_fold: 5
training time mean: 0.505039838644s
x: [72, 80, 92, 100, 108, 116, 128, 136, 144, 156, 164, 172, 184]
y_for_max: [0.9375, 1.0, 1.0, 1.0, 1.0, 0.9583333333333334, 0.9642857142857143, 0.9642857142857143, 0.96875, 1.0, 1.0, 1.0, 1.0]
y_for_min: [0.875, 0.875, 0.9, 0.9, 0.85, 0.9166666666666666, 0.9166666666666666, 0.9583333333333334, 0.9285714285714286, 0.9285714285714286, 0.8888888888888888, 0.90625, 0.925]
y_for_mean: [0.9041666666666666, 0.9375, 0.9574999999999999, 0.9400000000000001, 0.9349999999999999, 0.9483333333333335, 0.9452380952380952, 0.9630952380952381, 0.9580357142857144, 0.9732142857142858, 0.9527777777777778, 0.9583333333333333, 0.9683333333333334]
