now_kernel: poly
now_C: 0.0001
cross_validation_fold: 5
training time mean: 0.506588550714s
x: [72, 80, 92, 100, 108, 116, 128, 136, 144, 156, 164, 172, 184]
y_for_max: [0.8333333333333334, 0.9375, 0.9, 0.85, 0.9, 0.9166666666666666, 0.875, 0.8928571428571429, 0.8928571428571429, 0.875, 0.90625, 0.8888888888888888, 0.9166666666666666]
y_for_min: [0.625, 0.6875, 0.75, 0.8, 0.7, 0.8, 0.75, 0.6666666666666666, 0.75, 0.75, 0.8125, 0.8125, 0.7777777777777778]
y_for_mean: [0.7708333333333334, 0.8, 0.8400000000000001, 0.8200000000000001, 0.825, 0.8433333333333334, 0.8273809523809523, 0.819047619047619, 0.8392857142857142, 0.81875, 0.8416666666666668, 0.8416666666666668, 0.8372222222222222]
